0.93878,-0.43228,-0.76215,-0.6409,-0.43228,-0.12709,-0.16367,-0.075621,-0.76215,-0.16367,-0.022202,0.07974,-0.6409,-0.075621,0.07974,0.13035
0.020243,0.076889,-0.92251,-0.90715,0.076889,0.21028,-0.9862,-0.90419,-0.92251,-0.9862,0.072797,0.059954,-0.90715,-0.90419,0.059954,0.119
0.79717,-0.30954,-0.7097,-0.6785,-0.30954,-0.10541,-0.13146,-0.12194,-0.7097,-0.13146,0.085599,0.090854,-0.6785,-0.12194,0.090854,0.145
0.56916,0.42049,-0.86251,-0.98727,0.42049,0.64228,-0.73462,-0.87906,-0.86251,-0.73462,-0.30138,-0.23496,-0.98727,-0.87906,-0.23496,-0.055195
0.24042,0.28478,-0.015738,-0.20535,0.28478,0.28478,-0.017594,-0.31671,-0.015738,-0.017594,0.21623,-0.017594,-0.20535,-0.31671,-0.017594,0.1165
-0.31134,-0.50929,-0.31537,-0.51692,-0.50929,-0.58514,-0.44118,-0.6811,-0.31537,-0.44118,-0.22021,-0.53244,-0.51692,-0.6811,-0.53244,-0.68951
0.95933,0.95933,0.95933,-0.72446,0.95933,0.95933,0.95933,-0.72446,0.95933,0.95933,0.95933,-0.72446,-0.72446,-0.72446,-0.72446,0.4306
0.1277,0.07094,-0.015662,-0.084508,0.07094,0.28466,-0.046006,-0.22685,-0.015662,-0.046006,-0.0042535,0.018785,-0.084508,-0.22685,0.018785,0.22655
1.0627,-0.84458,-0.96966,-0.96966,-0.84458,-0.11108,-0.012815,-0.012815,-0.96966,-0.012815,0.1282,0.1282,-0.96966,-0.012815,0.1282,0.1282
0.95933,0.95933,0.95933,-0.72446,0.95933,0.95933,0.95933,-0.72446,0.95933,0.95933,0.95933,-0.72446,-0.72446,-0.72446,-0.72446,0.4306
0.52972,-0.016359,0.2275,-0.58939,-0.016359,0.20795,-0.28159,-0.29575,0.2275,-0.28159,0.14733,-0.25231,-0.58939,-0.29575,-0.25231,0.33807
1.3394,-0.78598,-1.1061,-1.1061,-0.78598,-0.19664,-0.068189,-0.068189,-1.1061,-0.068189,0.17493,0.17493,-1.1061,-0.068189,0.17493,0.17493
0.72968,0.027213,-0.075968,-0.051102,0.027213,0.93468,0.49268,-0.57389,-0.075968,0.49268,0.036686,-0.44168,-0.051102,-0.57389,-0.44168,0.07373
1.2038,-0.55006,-0.84697,-0.86389,-0.55006,-0.14056,-0.078093,-0.089646,-0.84697,-0.078093,0.11679,0.10426,-0.86389,-0.089646,0.10426,0.089092
2.5131,-0.85433,-1.2438,-1.1665,-0.85433,0.029462,-0.19242,-0.17458,-1.2438,-0.19242,0.11261,0.026107,-1.1665,-0.17458,0.026107,0.19587
1.3394,-0.78598,-1.1061,-1.1061,-0.78598,-0.19664,-0.068189,-0.068189,-1.1061,-0.068189,0.17493,0.17493,-1.1061,-0.068189,0.17493,0.17493
1.1569,-0.72598,-0.91402,-0.86405,-0.72598,-0.024647,-0.016904,0.03587,-0.91402,-0.016904,0.029623,0.08211,-0.86405,0.03587,0.08211,0.13241
0.12456,-0.01706,0.36499,-0.3487,-0.01706,-0.0025182,-0.0075825,-0.021013,0.36499,-0.0075825,0.80106,-0.59568,-0.3487,-0.021013,-0.59568,0.26968
1.1673,-0.40038,-0.68549,-0.69733,-0.40038,-0.089245,-0.068416,-0.094802,-0.68549,-0.068416,0.082785,0.042889,-0.69733,-0.094802,0.042889,0.01954
-0.01157,-0.2462,-0.28896,-1.1598,-0.2462,-0.25856,-0.48632,-1.2742,-0.28896,-0.48632,-0.32936,-1.1514,-1.1598,-1.2742,-1.1514,-0.070023
0.33887,0.13924,-0.75199,-0.75612,0.13924,0.040657,-0.66649,-0.72145,-0.75199,-0.66649,0.082063,-0.074138,-0.75612,-0.72145,-0.074138,0.0084753
0.29366,-0.22081,-0.6513,-0.64561,-0.22081,-0.27922,-0.33428,-0.33635,-0.6513,-0.33428,0.15878,0.14932,-0.64561,-0.33635,0.14932,0.16853
1.1897,-0.18248,-0.70119,-0.69258,-0.18248,-0.1825,-0.29385,-0.25489,-0.70119,-0.29385,0.079135,0.076319,-0.69258,-0.25489,0.076319,0.091285
0.48185,-0.53571,-0.25204,0.15802,-0.53571,1.0883,0.0021013,-0.38098,-0.25204,0.0021013,0.19201,0.026765,0.15802,-0.38098,0.026765,0.058094
1.0627,-0.84458,-0.96966,-0.96966,-0.84458,-0.11108,-0.012815,-0.012815,-0.96966,-0.012815,0.1282,0.1282,-0.96966,-0.012815,0.1282,0.1282
1.1363,0.60031,0.34618,-0.29385,0.60031,0.10618,-0.059346,-0.54063,0.34618,-0.059346,-0.40852,-0.65641,-0.29385,-0.54063,-0.65641,-0.56281
-0.094656,-0.56154,-0.80141,-0.78067,-0.56154,-0.36914,-0.3127,-0.32084,-0.80141,-0.3127,0.21988,0.21466,-0.78067,-0.32084,0.21466,0.27357
0.053271,0.085034,-0.92869,-0.91482,0.085034,0.20052,-0.97181,-0.90576,-0.92869,-0.97181,0.059004,0.043158,-0.91482,-0.90576,0.043158,0.13489
0.1277,0.07094,-0.015662,-0.084508,0.07094,0.28466,-0.046006,-0.22685,-0.015662,-0.046006,-0.0042535,0.018785,-0.084508,-0.22685,0.018785,0.22655
0.95933,0.95933,0.95933,-0.72446,0.95933,0.95933,0.95933,-0.72446,0.95933,0.95933,0.95933,-0.72446,-0.72446,-0.72446,-0.72446,0.4306
0.43793,-0.097331,-0.80424,-0.7918,-0.097331,-0.15645,-0.47359,-0.46605,-0.80424,-0.47359,-0.00022745,0.040049,-0.7918,-0.46605,0.040049,0.10743
-0.18736,-0.27048,-0.81272,-1.2044,-0.27048,-0.30359,-0.88513,-1.2151,-0.81272,-0.88513,-0.63522,-0.70473,-1.2044,-1.2151,-0.70473,-0.18814
0.13147,0.23742,0.011976,-0.26078,0.23742,0.46439,0.31229,-0.55896,0.011976,0.31229,0.20551,-0.30802,-0.26078,-0.55896,-0.30802,0.13918
0.13353,-0.042412,-0.10121,0.23593,-0.042412,-0.018513,-0.033042,-0.018513,-0.10121,-0.033042,0.28122,-0.22405,0.23593,-0.018513,-0.22405,0.26657
0.018657,0.00045187,-0.010148,-0.0056996,0.00045187,-0.0005591,0.00029113,-0.00052431,-0.010148,0.00029113,0.018456,-0.00043447,-0.0056996,-0.00052431,-0.00043447,0.0045189
0.49137,-0.37182,-0.31848,0.0033688,-0.37182,0.31936,0.31865,-0.044987,-0.31848,0.31865,0.405,-0.13483,0.0033688,-0.044987,-0.13483,-0.057365
1.091,-0.15735,-0.67907,-0.679,-0.15735,-0.20418,-0.24348,-0.25366,-0.67907,-0.24348,0.066366,0.055224,-0.679,-0.25366,0.055224,0.052898
0.12201,0.065605,-0.037531,-0.16684,0.065605,-0.043278,-0.034586,-0.1563,-0.037531,-0.034586,0.25452,-0.32922,-0.16684,-0.1563,-0.32922,0.2262
0.6459,0.31637,-0.95259,-0.89199,0.31637,0.27364,-0.8969,-0.86805,-0.95259,-0.8969,-0.075188,-0.046249,-0.89199,-0.86805,-0.046249,0.06365
1.1189,-0.19544,-0.69847,-0.69563,-0.19544,-0.10952,-0.17779,-0.17602,-0.69847,-0.17779,0.031269,0.021162,-0.69563,-0.17602,0.021162,0.04729
0.27104,-0.074437,0.2658,-0.023611,-0.074437,0.027403,-0.070492,0.13247,0.2658,-0.070492,0.25601,-0.014358,-0.023611,0.13247,-0.014358,0.052122
1.2967,-0.62576,-0.68311,-0.67359,-0.62576,-0.065082,-0.01071,0.0037664,-0.68311,-0.01071,0.059388,0.066032,-0.67359,0.0037664,0.066032,0.083256
0.94713,0.62123,0.77742,-0.23134,0.62123,0.26903,0.4746,-0.38748,0.77742,0.4746,0.55959,-0.38748,-0.23134,-0.38748,-0.38748,0.19185
1.3865,-0.34994,-0.62915,-0.62683,-0.34994,-0.14608,-0.11251,-0.12777,-0.62915,-0.11251,0.017603,0.016541,-0.62683,-0.12777,0.016541,0.034678
0.62681,-0.019691,0.00011596,-0.19074,-0.019691,0.46056,-0.33098,-0.011285,0.00011596,-0.33098,0.27304,-0.025748,-0.19074,-0.011285,-0.025748,0.11129
0.77034,-0.022761,-0.58251,-0.60892,-0.022761,-0.13701,-0.25261,-0.2741,-0.58251,-0.25261,0.11952,0.048401,-0.60892,-0.2741,0.048401,0.033792
0.29942,-0.49514,0.57992,0.14161,-0.49514,0.51768,-0.87494,-0.24217,0.57992,-0.87494,1.2814,0.13796,0.14161,-0.24217,0.13796,0.036916
0.5319,-0.65703,0.85998,-0.33263,-0.65703,0.31828,-0.67736,0.17425,0.85998,-0.67736,1.2854,-0.3879,-0.33263,0.17425,-0.3879,0.094367
1.0627,-0.84458,-0.96966,-0.96966,-0.84458,-0.11108,-0.012815,-0.012815,-0.96966,-0.012815,0.1282,0.1282,-0.96966,-0.012815,0.1282,0.1282
0.57488,-0.2195,-0.91853,-0.95721,-0.2195,-0.37069,-0.53054,-0.57128,-0.91853,-0.53054,0.30229,0.31877,-0.95721,-0.57128,0.31877,0.38563
1.1146,0.016849,-0.71721,-0.74067,0.016849,-0.024457,-0.28029,-0.29489,-0.71721,-0.28029,0.015811,-0.0098078,-0.74067,-0.29489,-0.0098078,-0.012069
1.0297,-0.84889,-0.91123,-0.91123,-0.84889,-0.011346,0.034402,0.034402,-0.91123,0.034402,0.084331,0.084331,-0.91123,0.034402,0.084331,0.084331
0.023814,-0.0091795,-0.01395,0.0071562,-0.0091795,0.040022,-0.012886,-0.015364,-0.01395,-0.012886,0.0273,-0.002976,0.0071562,-0.015364,-0.002976,0.010014
0.24205,-0.030736,-1.0261,-1.0005,-0.030736,-0.12207,-0.69144,-0.66314,-1.0261,-0.69144,0.073578,0.0075138,-1.0005,-0.66314,0.0075138,0.15427
0.95933,0.95933,0.95933,-0.72446,0.95933,0.95933,0.95933,-0.72446,0.95933,0.95933,0.95933,-0.72446,-0.72446,-0.72446,-0.72446,0.4306
0.95933,0.95933,0.95933,-0.72446,0.95933,0.95933,0.95933,-0.72446,0.95933,0.95933,0.95933,-0.72446,-0.72446,-0.72446,-0.72446,0.4306
-0.0077526,-0.0077526,-0.058533,0.06251,-0.0077526,0.90418,-0.32295,-0.23403,-0.058533,-0.32295,0.14953,0.066188,0.06251,-0.23403,0.066188,0.067238
1.3394,-0.78598,-1.1061,-1.1061,-0.78598,-0.19664,-0.068189,-0.068189,-1.1061,-0.068189,0.17493,0.17493,-1.1061,-0.068189,0.17493,0.17493
0.18596,-0.087379,0.22723,-0.24857,-0.087379,0.197,0.011229,-0.29624,0.22723,0.011229,0.25702,-0.26428,-0.24857,-0.29624,-0.26428,0.29738
1.0297,-0.84889,-0.91123,-0.91123,-0.84889,-0.011346,0.034402,0.034402,-0.91123,0.034402,0.084331,0.084331,-0.91123,0.034402,0.084331,0.084331
-0.024526,-0.024526,-0.024526,-0.024526,-0.024526,0.57489,0.25147,-0.24214,-0.024526,0.25147,0.10047,-0.10645,-0.024526,-0.24214,-0.10645,0.082954
1.0712,-0.38056,-0.68453,-0.6671,-0.38056,-0.010556,-0.022719,-0.016454,-0.68453,-0.022719,0.06453,0.052371,-0.6671,-0.016454,0.052371,0.072143
0.64177,0.26555,0.18106,-0.78591,0.26555,0.47215,0.37077,-0.31134,0.18106,0.37077,0.313,-0.14288,-0.78591,-0.31134,-0.14288,0.45073
0.25579,-0.07891,0.19367,-0.36315,-0.07891,0.43544,0.18819,-0.26506,0.19367,0.18819,0.12956,-0.36513,-0.36315,-0.26506,-0.36513,0.25441
1.3394,-0.78598,-1.1061,-1.1061,-0.78598,-0.19664,-0.068189,-0.068189,-1.1061,-0.068189,0.17493,0.17493,-1.1061,-0.068189,0.17493,0.17493
0.55094,-0.2009,0.71819,-0.17384,-0.2009,-0.24497,-0.23986,-0.029488,0.71819,-0.23986,0.77046,-0.31771,-0.17384,-0.029488,-0.31771,0.27484
1.2647,-0.22655,-0.67803,-0.67303,-0.22655,-0.16162,-0.19561,-0.19678,-0.67803,-0.19561,0.032737,0.025135,-0.67303,-0.19678,0.025135,0.055909
1.385,-0.40446,-0.55892,-0.61852,-0.40446,-0.024212,-0.026974,-0.071796,-0.55892,-0.026974,0.10845,0.020138,-0.61852,-0.071796,0.020138,-0.04147
0.025933,-0.0085751,0.033666,-0.014269,-0.0085751,0.011914,-0.013099,0.0038424,0.033666,-0.013099,0.053752,-0.024102,-0.014269,0.0038424,-0.024102,0.026938
0.95702,-0.36865,-0.70535,-0.66783,-0.36865,-0.17821,-0.14517,-0.11959,-0.70535,-0.14517,0.1199,0.13035,-0.66783,-0.11959,0.13035,0.14529
0.95064,-0.46924,0.38838,-0.57766,-0.46924,0.14004,-0.27277,-0.019453,0.38838,-0.27277,0.16885,-0.4111,-0.57766,-0.019453,-0.4111,0.27935
-0.059615,0.011878,-0.31152,-0.95895,0.011878,0.26291,-0.29822,-1.0108,-0.31152,-0.29822,-0.43226,-0.82391,-0.95895,-1.0108,-0.82391,-0.0086053
0.4769,-0.61428,-0.76026,-0.73068,-0.61428,-0.083729,-0.067382,-0.042913,-0.76026,-0.067382,0.073216,0.087502,-0.73068,-0.042913,0.087502,0.12016
0.3586,0.0094484,-0.034377,-0.24674,0.0094484,-0.0045926,0.021419,0.036001,-0.034377,0.021419,-0.092041,-0.10142,-0.24674,0.036001,-0.10142,0.2182
1.276,-0.37048,-0.57966,-0.58805,-0.37048,-0.12909,-0.099645,-0.11441,-0.57966,-0.099645,0.10118,0.055898,-0.58805,-0.11441,0.055898,0.047726
0.43702,0.37992,0.29377,-0.45654,0.37992,0.32534,0.27938,-0.39146,0.29377,0.27938,0.13404,-0.24887,-0.45654,-0.39146,-0.24887,0.11619
0.95933,0.95933,0.95933,-0.72446,0.95933,0.95933,0.95933,-0.72446,0.95933,0.95933,0.95933,-0.72446,-0.72446,-0.72446,-0.72446,0.4306
0.36551,0.016965,0.28175,-0.42937,0.016965,-0.07924,-0.046905,-0.07924,0.28175,-0.046905,0.21779,-0.28245,-0.42937,-0.07924,-0.28245,0.24736
0.99783,-0.58822,-0.72876,-0.74871,-0.58822,-0.086648,-0.022223,-0.045634,-0.72876,-0.022223,0.10185,0.073802,-0.74871,-0.045634,0.073802,0.056385
1.0627,-0.84458,-0.96966,-0.96966,-0.84458,-0.11108,-0.012815,-0.012815,-0.96966,-0.012815,0.1282,0.1282,-0.96966,-0.012815,0.1282,0.1282
0.70607,0.07622,-0.61585,-0.64836,0.07622,-0.10819,-0.45225,-0.46257,-0.61585,-0.45225,0.0049685,0.01125,-0.64836,-0.46257,0.01125,0.083737
-0.60751,-0.65369,-0.70675,-0.71836,-0.65369,-0.57982,-0.5863,-0.70526,-0.70675,-0.5863,-0.62385,-0.78007,-0.71836,-0.70526,-0.78007,-0.73592
0.43702,0.37992,0.29377,-0.45654,0.37992,0.32534,0.27938,-0.39146,0.29377,0.27938,0.13404,-0.24887,-0.45654,-0.39146,-0.24887,0.11619
1.3394,-0.78598,-1.1061,-1.1061,-0.78598,-0.19664,-0.068189,-0.068189,-1.1061,-0.068189,0.17493,0.17493,-1.1061,-0.068189,0.17493,0.17493
1.3394,-0.78598,-1.1061,-1.1061,-0.78598,-0.19664,-0.068189,-0.068189,-1.1061,-0.068189,0.17493,0.17493,-1.1061,-0.068189,0.17493,0.17493
0.69107,0.60965,0.66397,-0.24513,0.60965,0.68104,0.69613,-0.47434,0.66397,0.69613,0.68711,-0.40597,-0.24513,-0.47434,-0.40597,0.16593
0.3685,0.20517,0.46735,-0.33735,0.20517,0.23546,0.28642,-0.24576,0.46735,0.28642,0.86075,-0.5768,-0.33735,-0.24576,-0.5768,0.17496
1.0755,-0.40885,-0.55463,-0.57262,-0.40885,-0.2573,-0.13195,-0.14206,-0.55463,-0.13195,0.13419,0.074408,-0.57262,-0.14206,0.074408,0.072052
0.22166,0.2269,0.21951,-0.0049849,0.2269,0.21991,0.2262,0.14897,0.21951,0.2262,0.23116,0.038722,-0.0049849,0.14897,0.038722,-0.24847
0.12659,-0.016686,-0.0052581,-0.14469,-0.016686,0.25761,-0.018865,-0.36752,-0.0052581,-0.018865,0.10814,-0.12408,-0.14469,-0.36752,-0.12408,0.19034
0.69107,0.60965,0.66397,-0.24513,0.60965,0.68104,0.69613,-0.47434,0.66397,0.69613,0.68711,-0.40597,-0.24513,-0.47434,-0.40597,0.16593
0.029031,0.0057262,-0.11387,-0.033571,0.0057262,0.11888,-0.22732,0.0072122,-0.11387,-0.22732,1.6377,-0.54523,-0.033571,0.0072122,-0.54523,0.17191
0.72297,0.78872,0.73081,-0.57873,0.78872,0.88693,0.83974,-0.49869,0.73081,0.83974,0.69792,-0.47502,-0.57873,-0.49869,-0.47502,0.0089891
-0.18898,-0.047286,-0.18882,-0.21637,-0.047286,0.45634,0.41181,0.35,-0.18882,0.41181,0.33197,0.17408,-0.21637,0.35,0.17408,0.17408
-0.06456,-0.06456,-0.06456,-0.06456,-0.06456,0.47565,0.72904,-0.3126,-0.06456,0.72904,1.2033,-0.54003,-0.06456,-0.3126,-0.54003,0.053157
0.61224,0.24438,-0.17933,-0.42891,0.24438,0.24123,-0.11908,-0.3659,-0.17933,-0.11908,0.072595,-0.061965,-0.42891,-0.3659,-0.061965,0.42526
0.95933,0.95933,0.95933,-0.72446,0.95933,0.95933,0.95933,-0.72446,0.95933,0.95933,0.95933,-0.72446,-0.72446,-0.72446,-0.72446,0.4306
0.638,0.51465,-0.74447,-0.80533,0.51465,0.60011,-0.64762,-0.73475,-0.74447,-0.64762,-0.26945,-0.16063,-0.80533,-0.73475,-0.16063,0.067294
0.96053,-0.37601,-0.71756,-0.6908,-0.37601,-0.051057,-0.082267,-0.083872,-0.71756,-0.082267,0.071215,0.062315,-0.6908,-0.083872,0.062315,0.066563
0.21158,0.19266,-1.3702,-1.3902,0.19266,-0.030296,-1.1805,-1.1899,-1.3702,-1.1805,-0.51387,-0.55131,-1.3902,-1.1899,-0.55131,-0.55164
0.0004034,-0.28487,-0.84348,-0.62073,-0.28487,-0.4364,-0.68039,-0.51944,-0.84348,-0.68039,0.21976,0.24658,-0.62073,-0.51944,0.24658,0.52846
0.64969,0.26001,-0.69447,-0.66644,0.26001,0.013629,-0.81376,-0.74904,-0.69447,-0.81376,-0.013379,-0.014868,-0.66644,-0.74904,-0.014868,0.032593
0.48819,-0.018882,-1.0794,-1.2016,-0.018882,0.036096,-1.0051,-1.125,-1.0794,-1.0051,-0.61093,-0.32542,-1.2016,-1.125,-0.32542,0.033996
0.24005,-0.33957,0.29779,0.022815,-0.33957,0.24005,-0.33957,-0.012527,0.29779,-0.33957,0.49968,0.038453,0.022815,-0.012527,0.038453,-0.0014184
1.3402,-0.54295,-0.74293,-0.72716,-0.54295,-0.083608,-0.060484,-0.048085,-0.74293,-0.060484,0.0030637,0.0077732,-0.72716,-0.048085,0.0077732,0.037023
0.62495,-0.24385,-1.0564,-1.1565,-0.24385,-0.497,-0.73784,-0.84541,-1.0564,-0.73784,-0.055892,-0.11309,-1.1565,-0.84541,-0.11309,-0.11425
0.045256,-0.006784,0.092418,-0.054239,-0.006784,0.40369,0.24386,-0.38942,0.092418,0.24386,0.44037,-0.24954,-0.054239,-0.38942,-0.24954,0.19893
0.55476,-0.34196,-0.6992,-0.68715,-0.34196,-0.23155,-0.19895,-0.18529,-0.6992,-0.19895,0.14359,0.13949,-0.68715,-0.18529,0.13949,0.16336
0.34297,0.10426,-0.69021,-0.8749,0.10426,0.13501,-0.63228,-0.79982,-0.69021,-0.63228,-0.40956,-0.3099,-0.8749,-0.79982,-0.3099,-0.064611
0.58177,0.28206,-0.31699,-0.017646,0.28206,0.28206,-0.31735,-0.017646,-0.31699,-0.31735,0.22134,0.0070206,-0.017646,-0.017646,0.0070206,-0.041744
1.0297,-0.84889,-0.91123,-0.91123,-0.84889,-0.011346,0.034402,0.034402,-0.91123,0.034402,0.084331,0.084331,-0.91123,0.034402,0.084331,0.084331
1.6562,-0.46832,-0.56552,-0.53703,-0.46832,-0.056256,-0.033889,-0.0089634,-0.56552,-0.033889,0.013778,0.029916,-0.53703,-0.0089634,0.029916,0.067122
1.2274,-0.36605,-0.6824,-0.60624,-0.36605,0.015933,-0.065751,-0.020458,-0.6824,-0.065751,-0.028943,0.024601,-0.60624,-0.020458,0.024601,0.07787
0.55183,0.24243,0.53792,-0.55403,0.24243,0.17739,0.19698,-0.5087,0.53792,0.19698,0.46152,-0.58782,-0.55403,-0.5087,-0.58782,0.2981
0.56569,0.51711,0.35326,0.1912,0.51711,0.43366,0.26989,0.21695,0.35326,0.26989,0.19804,-0.015586,0.1912,0.21695,-0.015586,-0.015586
0,0,0,0,0,0,0,0,0,0,0,0,0,0,0,0
1.3394,-0.78598,-1.1061,-1.1061,-0.78598,-0.19664,-0.068189,-0.068189,-1.1061,-0.068189,0.17493,0.17493,-1.1061,-0.068189,0.17493,0.17493
0.24158,-0.2691,-0.31547,-0.2691,-0.2691,0.23678,0.20036,0.24343,-0.31547,0.20036,0.24158,0.20609,-0.2691,0.24343,0.20609,0.2787
1.2083,-0.42595,-0.65716,-0.66311,-0.42595,-0.14753,-0.12392,-0.11451,-0.65716,-0.12392,0.046084,0.032843,-0.66311,-0.11451,0.032843,0.071422
0.69107,0.60965,0.66397,-0.24513,0.60965,0.68104,0.69613,-0.47434,0.66397,0.69613,0.68711,-0.40597,-0.24513,-0.47434,-0.40597,0.16593
0.63271,0.14513,-0.66819,-0.72086,0.14513,0.052806,-0.35644,-0.37926,-0.66819,-0.35644,0.17667,0.067284,-0.72086,-0.37926,0.067284,0.19673
1.0627,-0.84458,-0.96966,-0.96966,-0.84458,-0.11108,-0.012815,-0.012815,-0.96966,-0.012815,0.1282,0.1282,-0.96966,-0.012815,0.1282,0.1282
2.9411,-1.5017,-1.5493,-1.3571,-1.5017,-0.11791,-0.15868,0.034092,-1.5493,-0.15868,-0.21212,0.025666,-1.3571,0.034092,0.025666,0.23681
-0.011267,-0.043216,-0.042431,-0.033846,-0.043216,0.11862,0.060476,-0.20424,-0.042431,0.060476,0.010276,-0.10797,-0.033846,-0.20424,-0.10797,0.14934
0.61339,-0.3211,0.31482,-0.5218,-0.3211,0.24778,-0.2365,0.17777,0.31482,-0.2365,0.19947,-0.16802,-0.5218,0.17777,-0.16802,0.065612
0.15024,-0.21016,0.2271,-0.2176,-0.21016,0.13775,-0.21408,0.10939,0.2271,-0.21408,1.6692,-0.81093,-0.2176,0.10939,-0.81093,0.22351
0.82488,-0.28042,-0.65446,-0.62676,-0.28042,-0.15081,-0.17,-0.14186,-0.65446,-0.17,0.068802,0.077668,-0.62676,-0.14186,0.077668,0.11144
0.023953,-0.14983,-0.94805,-0.91406,-0.14983,-0.18074,-1.0543,-0.9866,-0.94805,-1.0543,0.033563,-0.0017989,-0.91406,-0.9866,-0.0017989,0.12728
0.57009,0.43862,-0.63742,-0.81665,0.43862,0.3784,-0.74836,-0.96908,-0.63742,-0.74836,-0.11489,-0.095501,-0.81665,-0.96908,-0.095501,-0.07336
0.95933,0.95933,0.95933,-0.72446,0.95933,0.95933,0.95933,-0.72446,0.95933,0.95933,0.95933,-0.72446,-0.72446,-0.72446,-0.72446,0.4306
0.28669,-0.30285,-0.4402,0.24379,-0.30285,0.33439,0.32335,-0.26938,-0.4402,0.32335,0.48648,-0.22336,0.24379,-0.26938,-0.22336,-0.0005102
1.4076,-0.50311,-0.59455,-0.62985,-0.50311,-0.17496,-0.038467,-0.099965,-0.59455,-0.038467,0.072901,0.042835,-0.62985,-0.099965,0.042835,0.06628
0.84572,-0.30301,-0.65054,-0.64906,-0.30301,-0.19732,-0.17348,-0.16691,-0.65054,-0.17348,0.11225,0.10986,-0.64906,-0.16691,0.10986,0.1321
0.72355,0.51813,0.60611,-0.38184,0.51813,0.57451,0.33471,-0.35195,0.60611,0.33471,0.3232,-0.39507,-0.38184,-0.35195,-0.39507,0.28085
1.0914,-0.41972,-0.75308,-0.75717,-0.41972,-0.091542,-0.11659,-0.123,-0.75308,-0.11659,0.038,0.021977,-0.75717,-0.123,0.021977,-0.0030769
0.29006,-0.015056,0.056202,-0.12643,-0.015056,0.012784,-0.035902,0.0091566,0.056202,-0.035902,0.09152,-0.058504,-0.12643,0.0091566,-0.058504,0.14361
0.24205,-0.030736,-1.0261,-1.0005,-0.030736,-0.12207,-0.69144,-0.66314,-1.0261,-0.69144,0.073578,0.0075138,-1.0005,-0.66314,0.0075138,0.15427
0.24411,0.24411,0.24411,0.20481,0.24411,0.24411,0.24411,0.20481,0.24411,0.24411,0.24411,0.20481,0.20481,0.20481,0.20481,0.17292
0.57358,-0.59201,-0.70142,-0.70857,-0.59201,-0.078942,-0.013901,-0.037955,-0.70142,-0.013901,0.094184,0.076813,-0.70857,-0.037955,0.076813,0.090185
1.2919,-0.63546,-0.73371,-0.68498,-0.63546,-0.057597,-0.042234,0.0095069,-0.73371,-0.042234,-0.0043522,0.04798,-0.68498,0.0095069,0.04798,0.080396
1.3584,0.075145,-0.6686,-0.6794,0.075145,-0.19392,-0.34636,-0.36733,-0.6686,-0.34636,0.033477,-0.025007,-0.6794,-0.36733,-0.025007,0.0020149
0.52239,-0.00064148,-0.0083381,-0.48257,-0.00064148,-0.0087842,-0.00064148,-0.026646,-0.0083381,-0.00064148,0.26901,-0.52018,-0.48257,-0.026646,-0.52018,0.26221
0.59325,0.69484,0.80058,-0.51829,0.69484,0.73554,0.86589,-0.5506,0.80058,0.86589,0.87431,-0.72135,-0.51829,-0.5506,-0.72135,0.36516
0.38539,-0.027226,0.53217,-0.62165,-0.027226,-0.11869,-0.06538,-0.14657,0.53217,-0.06538,1.5009,-0.6538,-0.62165,-0.14657,-0.6538,0.57951
0.95933,0.95933,0.95933,-0.72446,0.95933,0.95933,0.95933,-0.72446,0.95933,0.95933,0.95933,-0.72446,-0.72446,-0.72446,-0.72446,0.4306
1.235,0.973,0.47275,-0.67553,0.973,0.74674,0.40856,-0.70629,0.47275,0.40856,0.25146,-0.59599,-0.67553,-0.70629,-0.59599,0.46369
0.27738,0.073269,-0.69143,-0.79192,0.073269,0.024222,-0.73581,-0.88494,-0.69143,-0.73581,-0.21524,-0.15041,-0.79192,-0.88494,-0.15041,0.0022976
0.25712,-0.41142,-0.13512,-0.41575,-0.41142,0.90402,0.63863,0.3927,-0.13512,0.63863,0.42462,0.14773,-0.41575,0.3927,0.14773,0.14255
-0.098158,-0.15634,-0.60074,-0.72209,-0.15634,-0.087314,-0.52342,-0.62297,-0.60074,-0.52342,-0.0047264,0.044099,-0.72209,-0.62297,0.044099,0.21913
0.98151,-0.33377,-0.36896,-0.0099675,-0.33377,0.1112,0.044467,0.037967,-0.36896,0.044467,0.024187,0.053152,-0.0099675,0.037967,0.053152,-0.0068735
0.021728,0.073735,-0.016512,-0.044947,0.073735,1.4636,0.018103,-0.50891,-0.016512,0.018103,-0.048951,-0.083715,-0.044947,-0.50891,-0.083715,0.15338
1.1174,-0.38483,-0.61551,-0.64627,-0.38483,-0.083758,-0.043328,-0.085807,-0.61551,-0.043328,0.0995,0.056618,-0.64627,-0.085807,0.056618,0.029167
0.59324,0.10811,-0.70179,-0.68212,0.10811,-0.07645,-0.56236,-0.59627,-0.70179,-0.56236,0.15071,0.067114,-0.68212,-0.59627,0.067114,0.1548
0.2447,0.14609,-0.60571,-0.9414,0.14609,0.30514,-0.54582,-0.84986,-0.60571,-0.54582,-0.23625,-0.24744,-0.9414,-0.84986,-0.24744,-0.0073505
0.24411,0.24411,0.24411,0.20481,0.24411,0.24411,0.24411,0.20481,0.24411,0.24411,0.24411,0.20481,0.20481,0.20481,0.20481,0.17292
0.094624,-0.069256,-0.076845,0.16834,-0.069256,-0.14915,0.0061373,-0.086826,-0.076845,0.0061373,0.29695,-0.32388,0.16834,-0.086826,-0.32388,0.47854
0.95933,0.95933,0.95933,-0.72446,0.95933,0.95933,0.95933,-0.72446,0.95933,0.95933,0.95933,-0.72446,-0.72446,-0.72446,-0.72446,0.4306
0.80402,-0.19214,-0.6818,-0.69516,-0.19214,-0.32142,-0.34654,-0.35776,-0.6818,-0.34654,0.10295,0.10657,-0.69516,-0.35776,0.10657,0.1778
0.16626,-0.033051,-0.0040589,-0.16286,-0.033051,0.16446,-0.032456,-0.35278,-0.0040589,-0.032456,-0.032986,-0.1198,-0.16286,-0.35278,-0.1198,0.20614
0.24411,0.24411,0.24411,0.20481,0.24411,0.24411,0.24411,0.20481,0.24411,0.24411,0.24411,0.20481,0.20481,0.20481,0.20481,0.17292
2.6978,-0.87967,-1.2375,-1.1411,-0.87967,0.13596,-0.13498,-0.024797,-1.2375,-0.13498,0.015954,-0.097868,-1.1411,-0.024797,-0.097868,0.17523
-0.003199,0.0025855,0.0016658,-0.003,0.0025855,0.10675,-0.058063,-0.032612,0.0016658,-0.058063,0.1056,-0.0024859,-0.003,-0.032612,-0.0024859,0.025856
0.021515,0.19727,-0.88129,-0.92682,0.19727,0.56998,-0.62113,-0.65493,-0.88129,-0.62113,0.052941,-0.046673,-0.92682,-0.65493,-0.046673,-0.040312
0.22932,0.22932,-0.075791,-0.075791,0.22932,0.53442,-0.075791,0.22932,-0.075791,-0.075791,-0.075791,-0.075791,-0.075791,0.22932,-0.075791,0.21378
-0.48019,-0.97247,-0.74667,-0.47946,-0.97247,-1.0643,-1.1953,-0.81102,-0.74667,-1.1953,-1.045,-0.62397,-0.47946,-0.81102,-0.62397,0.16905
0.20538,0.14173,-0.30243,-0.17774,0.14173,0.15016,-0.25535,-0.18166,-0.30243,-0.25535,0.64937,-0.30801,-0.17774,-0.18166,-0.30801,0.22339
1.0627,-0.84458,-0.96966,-0.96966,-0.84458,-0.11108,-0.012815,-0.012815,-0.96966,-0.012815,0.1282,0.1282,-0.96966,-0.012815,0.1282,0.1282
0.21158,0.19266,-1.3702,-1.3902,0.19266,-0.030296,-1.1805,-1.1899,-1.3702,-1.1805,-0.51387,-0.55131,-1.3902,-1.1899,-0.55131,-0.55164
0.68966,-0.61913,-0.71431,-0.68453,-0.61913,0.0034889,0.0037988,0.043091,-0.71431,0.0037988,0.034458,0.059525,-0.68453,0.043091,0.059525,0.10854
0.88187,-0.075174,-0.060803,-0.034849,-0.075174,0.127,-0.64023,-0.32456,-0.060803,-0.64023,1.0324,0.51863,-0.034849,-0.32456,0.51863,0.16557
0.5808,-0.044242,-0.80068,-1.3159,-0.044242,-0.15634,-0.90652,-1.2998,-0.80068,-0.90652,-0.41834,-0.39332,-1.3159,-1.2998,-0.39332,-0.075264
0.52271,0.12014,-0.58368,-0.62304,0.12014,0.15249,-0.47057,-0.48827,-0.58368,-0.47057,0.15876,0.08404,-0.62304,-0.48827,0.08404,0.16855
1.9118,-0.46715,-0.596,-0.59528,-0.46715,-0.028974,-0.033162,-0.037586,-0.596,-0.033162,0.0076356,-0.0070589,-0.59528,-0.037586,-0.0070589,0.012499
0.19016,0.012078,0.19016,-0.51394,0.012078,0.17138,0.012078,-0.25183,0.19016,0.012078,0.19016,-0.51394,-0.51394,-0.25183,-0.51394,0.22754
1.5424,-0.48769,-0.60522,-0.59688,-0.48769,-0.041973,-0.035505,-0.037269,-0.60522,-0.035505,-0.0050949,-0.011787,-0.59688,-0.037269,-0.011787,0.025336
1.0977,-0.78563,-0.81563,-0.85114,-0.78563,-0.042681,0.044725,0.012534,-0.81563,0.044725,0.13764,0.10563,-0.85114,0.012534,0.10563,0.07362
0.64618,-0.5582,-0.15306,0.11192,-0.5582,0.50698,0.19686,-0.10755,-0.15306,0.19686,0.044289,-0.086041,0.11192,-0.10755,-0.086041,-0.0001712
0.36638,0.65896,0.48915,-0.27994,0.65896,0.90391,0.89117,-0.65869,0.48915,0.89117,0.76301,-0.42139,-0.27994,-0.65869,-0.42139,0.096022
0.11112,0.22512,-0.35011,0.22574,0.22512,0.46278,-0.060399,0.22574,-0.35011,-0.060399,0.33427,-0.35011,0.22574,0.22574,-0.35011,0.22629
0.36302,-0.015441,-0.015441,-0.19569,-0.015441,-0.077262,-0.074929,-0.13379,-0.015441,-0.074929,1.0167,-0.55433,-0.19569,-0.13379,-0.55433,0.38944
0.24411,0.24411,0.24411,0.20481,0.24411,0.24411,0.24411,0.20481,0.24411,0.24411,0.24411,0.20481,0.20481,0.20481,0.20481,0.17292
0.24512,-0.47677,-0.91192,-0.88102,-0.47677,-0.3813,-0.34802,-0.30189,-0.91192,-0.34802,0.23978,0.24209,-0.88102,-0.30189,0.24209,0.30717
0.052771,0.38448,0.52509,-0.31376,0.38448,0.73776,0.82225,-0.60946,0.52509,0.82225,1.0587,-0.60946,-0.31376,-0.60946,-0.60946,0.1137
0.0095395,-0.2797,-0.5216,-0.58862,-0.2797,-0.40403,-0.68266,-0.76012,-0.5216,-0.68266,0.014401,0.17366,-0.58862,-0.76012,0.17366,0.45366
1.0695,-0.32878,-0.64526,-0.56524,-0.32878,-0.10689,-0.12218,-0.04828,-0.64526,-0.12218,-0.019247,0.03283,-0.56524,-0.04828,0.03283,0.16673
0.22166,0.2269,0.21951,-0.0049849,0.2269,0.21991,0.2262,0.14897,0.21951,0.2262,0.23116,0.038722,-0.0049849,0.14897,0.038722,-0.24847
1.0297,-0.84889,-0.91123,-0.91123,-0.84889,-0.011346,0.034402,0.034402,-0.91123,0.034402,0.084331,0.084331,-0.91123,0.034402,0.084331,0.084331
1.3394,-0.78598,-1.1061,-1.1061,-0.78598,-0.19664,-0.068189,-0.068189,-1.1061,-0.068189,0.17493,0.17493,-1.1061,-0.068189,0.17493,0.17493
-0.19396,-0.04238,-0.039411,-0.17332,-0.04238,0.25226,0.51319,-0.47706,-0.039411,0.51319,0.9281,-0.76505,-0.17332,-0.47706,-0.76505,0.50649
0.34877,-0.59667,-0.75521,-0.732,-0.59667,-0.10515,-0.055466,-0.048954,-0.75521,-0.055466,0.081695,0.077334,-0.732,-0.048954,0.077334,0.12897
0.95933,0.95933,0.95933,-0.72446,0.95933,0.95933,0.95933,-0.72446,0.95933,0.95933,0.95933,-0.72446,-0.72446,-0.72446,-0.72446,0.4306
1.0455,-0.4388,-0.62789,-0.68598,-0.4388,-0.09586,-0.035383,-0.080897,-0.62789,-0.035383,0.14808,0.054609,-0.68598,-0.080897,0.054609,0.019377
0.95933,0.95933,0.95933,-0.72446,0.95933,0.95933,0.95933,-0.72446,0.95933,0.95933,0.95933,-0.72446,-0.72446,-0.72446,-0.72446,0.4306
0.73173,-0.088156,-1.2633,-1.188,-0.088156,0.072263,-1.2158,-1.2234,-1.2633,-1.2158,-0.75425,-0.50096,-1.188,-1.2234,-0.50096,-0.28476
0.53326,0.23929,0.19357,-0.18528,0.23929,0.37236,0.17578,-0.44147,0.19357,0.17578,0.17277,-0.52244,-0.18528,-0.44147,-0.52244,0.12649
1.1568,-0.40129,-0.64617,-0.61384,-0.40129,-0.086716,-0.08396,-0.045936,-0.64617,-0.08396,0.051315,0.065544,-0.61384,-0.045936,0.065544,0.11726
1.5578,-0.34491,-0.65781,-0.6385,-0.34491,-0.12013,-0.088072,-0.11443,-0.65781,-0.088072,0.062088,0.0029652,-0.6385,-0.11443,0.0029652,0.031299
0.080722,-0.29424,0.052236,-0.234,-0.29424,0.53063,-0.20616,0.14732,0.052236,-0.20616,0.074131,-0.014434,-0.234,0.14732,-0.014434,0.049077
0.95933,0.95933,0.95933,-0.72446,0.95933,0.95933,0.95933,-0.72446,0.95933,0.95933,0.95933,-0.72446,-0.72446,-0.72446,-0.72446,0.4306
1.0222,-0.53136,-0.64819,-0.66983,-0.53136,-0.14704,-0.055923,-0.08116,-0.64819,-0.055923,0.087415,0.04971,-0.66983,-0.08116,0.04971,0.056034
0.6057,0.6057,0.61252,-0.43511,0.6057,0.6057,0.61252,-0.43511,0.61252,0.61252,0.6126,-0.553,-0.43511,-0.43511,-0.553,0.31899
-0.081603,0.13388,-0.10144,-0.22726,0.13388,0.45732,0.22187,-0.44178,-0.10144,0.22187,0.0583,-0.22086,-0.22726,-0.44178,-0.22086,0.35512
0.19752,0.004377,-0.7689,-0.85998,0.004377,0.21793,-0.78529,-0.89104,-0.7689,-0.78529,0.056624,0.080788,-0.85998,-0.89104,0.080788,0.14362
1.1512,-0.42612,-0.59914,-0.60621,-0.42612,-0.1156,-0.065993,-0.094177,-0.59914,-0.065993,0.0982,0.07531,-0.60621,-0.094177,0.07531,0.073374
0.45379,-0.217,-0.77243,-0.73804,-0.217,-0.19935,-0.30108,-0.2832,-0.77243,-0.30108,0.15117,0.14214,-0.73804,-0.2832,0.14214,0.17081
0.12456,-0.01706,0.36499,-0.3487,-0.01706,-0.0025182,-0.0075825,-0.021013,0.36499,-0.0075825,0.80106,-0.59568,-0.3487,-0.021013,-0.59568,0.26968
0.99601,-0.4461,0.43283,0.71149,-0.4461,-0.012897,-0.38568,-0.4428,0.43283,-0.38568,0.12405,0.10325,0.71149,-0.4428,0.10325,0.58013
0.39742,0.14629,-0.71308,-0.76161,0.14629,0.19143,-0.75339,-0.8435,-0.71308,-0.75339,-0.19276,-0.16421,-0.76161,-0.8435,-0.16421,0.055529
1.0803,-0.090423,-0.63531,-0.67318,-0.090423,-0.19209,-0.27093,-0.32354,-0.63531,-0.27093,0.12531,0.071726,-0.67318,-0.32354,0.071726,0.04317
1.1399,-0.43854,-0.5937,-0.65301,-0.43854,-0.038484,-0.0060154,-0.054876,-0.5937,-0.0060154,0.091321,0.024374,-0.65301,-0.054876,0.024374,-0.017283
0.26287,-0.2164,0.05583,-0.25513,-0.2164,1.0563,-0.46185,-0.32806,0.05583,-0.46185,0.18387,-0.040387,-0.25513,-0.32806,-0.040387,0.22932
-0.35435,-0.28902,-0.49863,-0.85582,-0.28902,-0.21248,-0.27336,-0.74725,-0.49863,-0.27336,-0.47361,-0.7836,-0.85582,-0.74725,-0.7836,-0.92432
0.24411,0.24411,0.24411,0.20481,0.24411,0.24411,0.24411,0.20481,0.24411,0.24411,0.24411,0.20481,0.20481,0.20481,0.20481,0.17292
1.0224,-0.10389,-0.68777,-0.69459,-0.10389,-0.099027,-0.24256,-0.25307,-0.68777,-0.24256,0.046309,0.025365,-0.69459,-0.25307,0.025365,0.026686
-0.18271,-0.56263,-0.89917,-0.86199,-0.56263,-0.51794,-0.50073,-0.50264,-0.89917,-0.50073,0.28515,0.29934,-0.86199,-0.50264,0.29934,0.38835
0.95933,0.95933,0.95933,-0.72446,0.95933,0.95933,0.95933,-0.72446,0.95933,0.95933,0.95933,-0.72446,-0.72446,-0.72446,-0.72446,0.4306
0.53534,0.10942,-0.74281,-0.71178,0.10942,-0.019844,-0.58278,-0.56661,-0.74281,-0.58278,-0.027457,-0.042447,-0.71178,-0.56661,-0.042447,0.10369
0.95933,0.95933,0.95933,-0.72446,0.95933,0.95933,0.95933,-0.72446,0.95933,0.95933,0.95933,-0.72446,-0.72446,-0.72446,-0.72446,0.4306
0.11275,0.044594,-0.0036601,-0.13345,0.044594,0.17268,0.10268,-0.33407,-0.0036601,0.10268,0.07615,-0.22936,-0.13345,-0.33407,-0.22936,0.35657
-0.4536,-0.57353,-0.63312,-0.88589,-0.57353,-0.49295,-0.65873,-0.93406,-0.63312,-0.65873,-0.50571,-0.75166,-0.88589,-0.93406,-0.75166,0.27759
0.62376,0.50973,0.54665,-0.30086,0.50973,0.47579,0.51825,-0.35304,0.54665,0.51825,0.60436,-0.34008,-0.30086,-0.35304,-0.34008,-0.061582
1.3294,-0.23678,-0.65142,-0.653,-0.23678,-0.12753,-0.17838,-0.1743,-0.65142,-0.17838,0.011514,0.034776,-0.653,-0.1743,0.034776,0.042165
1.2119,-0.37925,-0.60337,-0.62061,-0.37925,-0.12916,-0.065083,-0.11324,-0.60337,-0.065083,0.086041,0.046698,-0.62061,-0.11324,0.046698,0.053664
0.020774,-0.14953,-0.082321,0.047411,-0.14953,0.14176,0.044993,-0.082954,-0.082321,0.044993,-0.03279,-0.054914,0.047411,-0.082954,-0.054914,0.07456
-0.57521,-0.19331,-0.6989,-1.1318,-0.19331,0.28466,-0.2619,-0.74536,-0.6989,-0.2619,-0.58761,-0.71892,-1.1318,-0.74536,-0.71892,0.0097368
0.70542,0.029656,-0.71807,-0.74501,0.029656,-0.14484,-0.44009,-0.48439,-0.71807,-0.44009,0.053355,0.017727,-0.74501,-0.48439,0.017727,0.067045
0.41945,0.29035,-0.80509,-0.86457,0.29035,0.40309,-0.57949,-0.64358,-0.80509,-0.57949,0.12954,-0.052494,-0.86457,-0.64358,-0.052494,-0.032536
1.295,-0.60771,-0.84823,-0.82065,-0.60771,-0.10934,-0.054912,-0.034543,-0.84823,-0.054912,0.088159,0.093911,-0.82065,-0.034543,0.093911,0.12177
0.68088,0.18707,-0.75675,-0.76949,0.18707,-0.0080089,-0.49635,-0.51151,-0.75675,-0.49635,-0.03669,-0.1269,-0.76949,-0.51151,-0.1269,0.014154
1.0263,-0.17894,-0.6156,-0.63207,-0.17894,-0.2401,-0.24307,-0.26978,-0.6156,-0.24307,0.13536,0.11941,-0.63207,-0.26978,0.11941,0.10939
0.095947,-0.0083524,-0.27722,0.060904,-0.0083524,0.15431,-0.26514,-0.29377,-0.27722,-0.26514,0.14705,-0.029505,0.060904,-0.29377,-0.029505,0.11402
1.0627,-0.84458,-0.96966,-0.96966,-0.84458,-0.11108,-0.012815,-0.012815,-0.96966,-0.012815,0.1282,0.1282,-0.96966,-0.012815,0.1282,0.1282
1.2251,-0.36595,-0.61387,-0.61459,-0.36595,-0.073702,-0.07434,-0.070801,-0.61387,-0.07434,0.035625,0.036968,-0.61459,-0.070801,0.036968,0.070397
0.34299,0.23473,-0.75611,-0.78354,0.23473,0.31416,-0.74407,-0.79113,-0.75611,-0.74407,-0.004732,-0.062943,-0.78354,-0.79113,-0.062943,-0.055649
0.048472,0.15067,0.24229,-0.4327,0.15067,0.42714,0.54839,-0.64833,0.24229,0.54839,0.45032,-0.53567,-0.4327,-0.64833,-0.53567,0.18332
0.42581,0.31057,-0.73741,-0.87852,0.31057,0.32714,-0.51592,-0.62219,-0.73741,-0.51592,0.15074,-0.0065344,-0.87852,-0.62219,-0.0065344,-0.056808
-0.10928,0.13699,-0.19356,-0.15654,0.13699,0.27687,-0.15896,-0.15088,-0.19356,-0.15896,-0.24927,-0.18443,-0.15654,-0.15088,-0.18443,-0.081863
0.43669,-0.39841,-0.94416,-0.8845,-0.39841,-0.32806,-0.35217,-0.31724,-0.94416,-0.35217,0.22586,0.24849,-0.8845,-0.31724,0.24849,0.29444
0.65834,-0.0037884,-0.0037884,-0.0037884,-0.0037884,-0.017935,-0.013248,-0.017339,-0.0037884,-0.013248,0.428,-0.60059,-0.0037884,-0.017339,-0.60059,0.28354
1.0297,-0.84889,-0.91123,-0.91123,-0.84889,-0.011346,0.034402,0.034402,-0.91123,0.034402,0.084331,0.084331,-0.91123,0.034402,0.084331,0.084331
1.0627,-0.84458,-0.96966,-0.96966,-0.84458,-0.11108,-0.012815,-0.012815,-0.96966,-0.012815,0.1282,0.1282,-0.96966,-0.012815,0.1282,0.1282
0.60854,0.2465,-0.44293,-0.3878,0.2465,0.2465,-0.12536,-0.22875,-0.44293,-0.12536,0.5392,0.0042814,-0.3878,-0.22875,0.0042814,0.17202
0.80272,-0.29568,-0.6774,-0.69447,-0.29568,-0.13716,-0.11278,-0.14866,-0.6774,-0.11278,0.12171,0.07686,-0.69447,-0.14866,0.07686,0.061749
0.95933,0.95933,0.95933,-0.72446,0.95933,0.95933,0.95933,-0.72446,0.95933,0.95933,0.95933,-0.72446,-0.72446,-0.72446,-0.72446,0.4306
0.27128,-0.02843,0.27128,-0.16494,-0.02843,0.0955,-0.26479,0.27266,0.27128,-0.26479,0.57098,-0.47942,-0.16494,0.27266,-0.47942,0.30442
0.2246,0.030621,-0.63295,-0.57092,0.030621,0.090594,-0.67302,-0.57823,-0.63295,-0.67302,0.10479,0.15183,-0.57092,-0.57823,0.15183,0.23869
0.058367,0.058388,0.037961,-0.034034,0.058388,0.25633,-0.028665,-0.082715,0.037961,-0.028665,0.23199,-0.13305,-0.034034,-0.082715,-0.13305,0.026415
0.95933,0.95933,0.95933,-0.72446,0.95933,0.95933,0.95933,-0.72446,0.95933,0.95933,0.95933,-0.72446,-0.72446,-0.72446,-0.72446,0.4306
1.2313,-0.60874,-0.72033,-0.74344,-0.60874,0.036166,0.042671,0.0096842,-0.72033,0.042671,0.059525,0.02505,-0.74344,0.0096842,0.02505,0.0010059
0.95933,0.95933,0.95933,-0.72446,0.95933,0.95933,0.95933,-0.72446,0.95933,0.95933,0.95933,-0.72446,-0.72446,-0.72446,-0.72446,0.4306
1.085,-0.36653,-0.59385,-0.63126,-0.36653,-0.093947,-0.05522,-0.094626,-0.59385,-0.05522,0.088576,0.029399,-0.63126,-0.094626,0.029399,-0.0048991
1.0549,-0.33036,-0.6739,-0.67683,-0.33036,-0.1124,-0.13988,-0.13175,-0.6739,-0.13988,0.048272,0.049764,-0.67683,-0.13175,0.049764,0.043643
1.1749,-0.37392,-0.60324,-0.65619,-0.37392,-0.11833,-0.053625,-0.07091,-0.60324,-0.053625,0.096323,0.079744,-0.65619,-0.07091,0.079744,0.088266
0.85361,-0.58834,0.074919,-0.48939,-0.58834,0.3184,-0.11477,0.15663,0.074919,-0.11477,-0.074974,-0.0057651,-0.48939,0.15663,-0.0057651,0.26422
0.5555,-0.0089478,-0.59882,0.12412,-0.0089478,0.14289,-0.14043,0.10638,-0.59882,-0.14043,0.80111,-0.15546,0.12412,0.10638,-0.15546,0.081391
-0.037601,-0.26439,-0.7692,-0.73745,-0.26439,-0.26435,-0.54808,-0.50501,-0.7692,-0.54808,0.20609,0.14344,-0.73745,-0.50501,0.14344,0.3539
0.43669,-0.39841,-0.94416,-0.8845,-0.39841,-0.32806,-0.35217,-0.31724,-0.94416,-0.35217,0.22586,0.24849,-0.8845,-0.31724,0.24849,0.29444
0.0025992,0.082572,-0.1313,0.13679,0.082572,0.092262,-0.24661,0.15414,-0.1313,-0.24661,0.25043,-0.037716,0.13679,0.15414,-0.037716,0.48661
1.0297,-0.84889,-0.91123,-0.91123,-0.84889,-0.011346,0.034402,0.034402,-0.91123,0.034402,0.084331,0.084331,-0.91123,0.034402,0.084331,0.084331
0.4519,0.60108,-0.27681,-0.18577,0.60108,0.61491,-0.33456,-0.33243,-0.27681,-0.33456,0.2215,-0.020288,-0.18577,-0.33243,-0.020288,0.1098
0.85898,-0.19013,-0.092604,-0.044496,-0.19013,0.17096,0.029523,0.01644,-0.092604,0.029523,0.01395,0.0095608,-0.044496,0.01644,0.0095608,0.012352
0.1478,0.13627,-0.023373,-0.12048,0.13627,0.79021,0.034525,-0.59527,-0.023373,0.034525,0.010577,-0.12462,-0.12048,-0.59527,-0.12462,0.31012
0.13995,0.13847,-0.011528,-0.34646,0.13847,0.27284,0.010288,-0.38103,-0.011528,0.010288,0.31596,-0.11446,-0.34646,-0.38103,-0.11446,0.22107
1.0504,-0.048238,0.21448,-0.33958,-0.048238,0.1619,0.44626,-0.33437,0.21448,0.44626,1.3358,-0.42324,-0.33958,-0.33437,-0.42324,0.23928
0.22188,-0.090791,0.029811,-0.31577,-0.090791,0.51973,0.1053,-0.30386,0.029811,0.1053,0.14136,-0.18804,-0.31577,-0.30386,-0.18804,0.28281
0.36136,0.16184,-0.73886,-0.73943,0.16184,0.15749,-0.74053,-0.74781,-0.73886,-0.74053,0.05932,0.00031521,-0.73943,-0.74781,0.00031521,0.021682
0.95933,0.95933,0.95933,-0.72446,0.95933,0.95933,0.95933,-0.72446,0.95933,0.95933,0.95933,-0.72446,-0.72446,-0.72446,-0.72446,0.4306
0.98699,-0.60737,-0.72684,-0.76363,-0.60737,-0.089128,-0.0079964,-0.044277,-0.72684,-0.0079964,0.1248,0.087871,-0.76363,-0.044277,0.087871,0.055359
0.44861,-0.22302,-0.69401,-0.68173,-0.22302,-0.22418,-0.30851,-0.30234,-0.69401,-0.30851,0.14013,0.13196,-0.68173,-0.30234,0.13196,0.16272
0.78925,0.78411,0.44509,-0.66283,0.78411,0.7787,0.44873,-0.66283,0.44509,0.44873,0.44496,-0.62958,-0.66283,-0.66283,-0.62958,0.44958
0.68529,0.0016751,0.0016751,-0.39502,0.0016751,0.039604,0.00939,0.00939,0.0016751,0.00939,-0.03851,-0.03851,-0.39502,0.00939,-0.03851,0.10961
1.3394,-0.78598,-1.1061,-1.1061,-0.78598,-0.19664,-0.068189,-0.068189,-1.1061,-0.068189,0.17493,0.17493,-1.1061,-0.068189,0.17493,0.17493
1.1249,-0.56646,-0.81268,-0.79968,-0.56646,-0.081181,-0.060468,-0.052429,-0.81268,-0.060468,0.046992,0.047126,-0.79968,-0.052429,0.047126,0.045841
-0.19924,-0.30334,-0.80081,-0.78298,-0.30334,-0.16979,-0.62114,-0.60205,-0.80081,-0.62114,0.27945,0.31919,-0.78298,-0.60205,0.31919,0.37768
1.5697,-0.49181,-0.60299,-0.61168,-0.49181,0.054963,0.045758,0.0132,-0.60299,0.045758,0.058031,0.026566,-0.61168,0.0132,0.026566,0.014888
0.75877,-0.29805,-0.92656,-0.98464,-0.29805,-0.38047,-0.49037,-0.56646,-0.92656,-0.49037,0.075271,0.049599,-0.98464,-0.56646,0.049599,0.069067
0.93807,-0.13361,-0.66714,-0.5736,-0.13361,-0.16508,-0.23456,-0.17434,-0.66714,-0.23456,0.056571,0.11048,-0.5736,-0.17434,0.11048,0.18723
-0.015533,0.35248,-0.11184,-0.18859,0.35248,0.71602,0.41055,-0.11183,-0.11184,0.41055,0.79954,-0.11183,-0.18859,-0.11183,-0.11183,-0.18859
0.56569,0.51711,0.35326,0.1912,0.51711,0.43366,0.26989,0.21695,0.35326,0.26989,0.19804,-0.015586,0.1912,0.21695,-0.015586,-0.015586
0.006847,0.0057952,-0.0035632,0.00087222,0.0057952,0.1091,-0.011024,-0.054759,-0.0035632,-0.011024,0.004607,-0.0035055,0.00087222,-0.054759,-0.0035055,0.056937
0.018657,0.00045187,-0.010148,-0.0056996,0.00045187,-0.0005591,0.00029113,-0.00052431,-0.010148,0.00029113,0.018456,-0.00043447,-0.0056996,-0.00052431,-0.00043447,0.0045189
1.1571,-0.42859,-0.69808,-0.67747,-0.42859,-0.054228,-0.050281,-0.045717,-0.69808,-0.050281,0.043881,0.056436,-0.67747,-0.045717,0.056436,0.077954
1.3402,-0.54295,-0.74293,-0.72716,-0.54295,-0.083608,-0.060484,-0.048085,-0.74293,-0.060484,0.0030637,0.0077732,-0.72716,-0.048085,0.0077732,0.037023
1.615,-0.49415,-0.57116,-0.57575,-0.49415,-0.040991,0.0024382,-0.0013397,-0.57116,0.0024382,0.065012,0.056189,-0.57575,-0.0013397,0.056189,0.056905
0.21271,-0.08735,-0.90546,-1.0438,-0.08735,-0.028557,-0.80002,-0.97815,-0.90546,-0.80002,-0.013614,-0.074014,-1.0438,-0.97815,-0.074014,-0.00080189
-0.082993,-0.095842,-0.09654,-0.050486,-0.095842,-0.12746,-0.1227,-0.091625,-0.09654,-0.1227,-0.12091,-0.083779,-0.050486,-0.091625,-0.083779,-0.069295
