0.35542,0.39758,0.51005,-0.72418,0.39758,0.20731,0.25094,-0.099642,0.51005,0.25094,0.56776,-0.14972,-0.72418,-0.099642,-0.14972,0.16837
10.916,3.3815,4.5145,0.15635,3.3815,-3.1222,-1.4726,-4.0321,4.5145,-1.4726,-0.0051473,-2.3713,0.15635,-4.0321,-2.3713,-2.8005
-0.45643,1.4577,-0.78313,0.14196,1.4577,2.3058,-0.040372,0.98102,-0.78313,-0.040372,-1.7772,-0.88968,0.14196,0.98102,-0.88968,-1.1435
4.633,4.5906,-2.3061,-2.2113,4.5906,5.1112,0.44611,0.043733,-2.3061,0.44611,-0.13699,-0.062749,-2.2113,0.043733,-0.062749,-0.18293
11.44,5.4509,-0.11596,0.5836,5.4509,1.0752,-1.5779,-0.93946,-0.11596,-1.5779,-1.9528,-2.0571,0.5836,-0.93946,-2.0571,-1.8015
4.798,1.2654,1.9828,1.6332,1.2654,-2.3627,-1.6348,-1.8851,1.9828,-1.6348,-0.5019,-0.67349,1.6332,-1.8851,-0.67349,-0.81355
14.158,0.81528,-0.52044,-0.38626,0.81528,-0.040159,-0.57519,0.63844,-0.52044,-0.57519,-0.77191,-0.62578,-0.38626,0.63844,-0.62578,0.15118
7.4736,4.5994,-1.6112,-0.28308,4.5994,0.62863,-1.8089,-0.044326,-1.6112,-1.8089,-0.62259,1.2206,-0.28308,-0.044326,1.2206,1.4182
0.2981,1.7024,0.05138,-1.469,1.7024,3.4559,2.2219,0.7253,0.05138,2.2219,0.82874,-2.5454,-1.469,0.7253,-2.5454,-0.60556
12.374,6.1697,-0.6817,0.16132,6.1697,1.7247,-2.1259,-1.8256,-0.6817,-2.1259,-2.1562,-1.8113,0.16132,-1.8256,-1.8113,-0.57403
14.218,6.109,1.0332,1.523,6.109,-1.1466,-4.0526,-2.5411,1.0332,-4.0526,-3.1729,-1.5939,1.523,-2.5411,-1.5939,-0.049159
1.4794,3.3105,0.4222,0.18723,3.3105,3.5435,-0.034953,-1.2111,0.4222,-0.034953,-1.9441,-1.7245,0.18723,-1.2111,-1.7245,-1.689
12.364,4.5627,4.2843,-6.5922,4.5627,-0.37327,3.4066,-6.8006,4.2843,3.4066,10.246,0.91091,-6.5922,-6.8006,0.91091,-7.7247
3.6641,3.0161,-1.6805,-1.1405,3.0161,1.3262,-0.3421,0.16948,-1.6805,-0.3421,-0.19924,1.03,-1.1405,0.16948,1.03,2.2728
13.747,7.2354,-1.9961,-1.3832,7.2354,2.6586,-0.89898,0.10965,-1.9961,-0.89898,-0.68185,0.15901,-1.3832,0.10965,0.15901,1.2346
26.463,-5.6272,-2.5684,-2.9315,-5.6272,-1.6701,0.65134,1.0728,-2.5684,0.65134,4.4222,4.4014,-2.9315,1.0728,4.4014,3.9649
6.1088,3.167,-0.6124,-2.3196,3.167,1.2863,0.78592,-0.51497,-0.6124,0.78592,2.2517,0.82096,-2.3196,-0.51497,0.82096,-0.63428
9.8026,5.7228,-2.2032,-0.99389,5.7228,3.7098,0.1052,0.2076,-2.2032,0.1052,-2.7022,-1.4331,-0.99389,0.2076,-1.4331,-0.11369
0.36318,0.84779,0.17785,-0.36524,0.84779,0.26763,-0.11959,0.026763,0.17785,-0.11959,0.035074,-0.11998,-0.36524,0.026763,-0.11998,-0.1341
10.349,2.2885,-0.37629,-1.9887,2.2885,-0.81411,0.83728,-0.41761,-0.37629,0.83728,1.1679,0.67096,-1.9887,-0.41761,0.67096,-0.90559
12.588,2.7349,-1.6805,-1.8378,2.7349,1.913,0.73535,0.60444,-1.6805,0.73535,-0.85027,-0.093993,-1.8378,0.60444,-0.093993,-0.83166
-2.4587,-1.1498,0.87763,-1.8675,-1.1498,0.053047,2.6929,-0.49517,0.87763,2.6929,5.0364,0.89323,-1.8675,-0.49517,0.89323,-0.60869
14.409,11.505,-1.3894,-1.4595,11.505,5.793,-1.6499,-1.8365,-1.3894,-1.6499,-1.4386,-1.7581,-1.4595,-1.8365,-1.7581,-2.7372
1.5429,4.0502,0.22302,-1.5343,4.0502,4.2898,0.48416,-0.77045,0.22302,0.48416,0.033266,-1.0675,-1.5343,-0.77045,-1.0675,-1.6847
0.10449,-0.025114,-0.047146,-0.06025,-0.025114,0.27991,-0.49936,0.66144,-0.047146,-0.49936,-0.26959,0.044788,-0.06025,0.66144,0.044788,2.2507
2.2533,2.3071,1.1751,-1.2124,2.3071,1.9235,1.0312,-1.0348,1.1751,1.0312,0.39323,-1.8616,-1.2124,-1.0348,-1.8616,-4.219
23.635,0.78461,0.94307,-3.4975,0.78461,-1.4619,0.78318,-2.2395,0.94307,0.78318,3.7308,1.0771,-3.4975,-2.2395,1.0771,-1.4089
0.4682,1.335,-0.87783,-0.086213,1.335,2.8299,0.2328,0.2456,-0.87783,0.2328,-1.4156,-1.1646,-0.086213,0.2456,-1.1646,0.039566
17.394,1.3576,-1.2697,-0.5773,1.3576,-0.20627,-0.67504,0.061705,-1.2697,-0.67504,-0.25816,-0.74281,-0.5773,0.061705,-0.74281,-0.40288
7.3385,3.512,3.3319,-1.1325,3.512,0.75946,0.6929,-3.2653,3.3319,0.6929,0.25139,-2.1643,-1.1325,-3.2653,-2.1643,-3.0185
9.9282,5.4968,-1.9395,-0.70099,5.4968,2.0899,-1.3245,0.28596,-1.9395,-1.3245,-1.8426,0.012403,-0.70099,0.28596,0.012403,1.1078
1.1961,4.6964,-2.7147,1.1099,4.6964,7.4242,-3.4124,0.80645,-2.7147,-3.4124,-4.0364,0.090134,1.1099,0.80645,0.090134,3.1053
16.566,2.4254,0.28257,0.69207,2.4254,-2.2735,-1.4256,-1.4639,0.28257,-1.4256,-0.12185,-0.70797,0.69207,-1.4639,-0.70797,-1.0546
4.9363,3.883,0.28694,0.45122,3.883,3.0483,-2.4658,-2.0621,0.28694,-2.4658,0.24833,0.49146,0.45122,-2.0621,0.49146,-0.076897
-3.115,0.66294,0.36605,-2.8327,0.66294,4.307,3.8565,-1.2743,0.36605,3.8565,3.5289,-0.31924,-2.8327,-1.2743,-0.31924,-0.40658
1.0989,5.6645,-2.3506,-2.3269,5.6645,7.8908,0.29107,0.053686,-2.3506,0.29107,-0.10469,0.25633,-2.3269,0.053686,0.25633,0.082011
0.30448,0.37096,-0.14486,-0.098491,0.37096,0.28932,0.13533,-0.069107,-0.14486,0.13533,-0.26251,0.010471,-0.098491,-0.069107,0.010471,-0.26694
0.285,1.4492,0.16535,-1.4084,1.4492,2.2799,0.89567,0.35843,0.16535,0.89567,-0.23853,-0.76476,-1.4084,0.35843,-0.76476,-0.0034746
2.9947,2.5667,0.0017162,-2.2462,2.5667,0.29368,0.90328,-1.4884,0.0017162,0.90328,2.5604,0.56825,-2.2462,-1.4884,0.56825,-1.6177
18.486,10.258,2.287,-3.2929,10.258,0.61239,0.42669,-3.9147,2.287,0.42669,2.4194,-1.6693,-3.2929,-3.9147,-1.6693,-6.4144
-0.27788,1.3864,-0.17214,-1.1535,1.3864,3.5573,2.5375,0.3272,-0.17214,2.5375,0.59091,-2.7467,-1.1535,0.3272,-2.7467,0.22868
10.973,2.6735,-0.73012,-2.0047,2.6735,0.54865,0.82355,-0.36565,-0.73012,0.82355,0.67559,0.38999,-2.0047,-0.36565,0.38999,-0.3507
0.011506,1.6789,-0.34014,-0.63179,1.6789,2.7982,0.64216,0.28426,-0.34014,0.64216,0.25578,-0.31573,-0.63179,0.28426,-0.31573,-0.57491
16.969,5.7853,0.033174,-0.29466,5.7853,0.34689,-1.9572,-1.7025,0.033174,-1.9572,-1.8139,-2.0731,-0.29466,-1.7025,-2.0731,-2.1378
11.748,1.1436,1.1898,-2.4137,1.1436,-0.39476,1.1909,-1.6214,1.1898,1.1909,3.3725,0.44305,-2.4137,-1.6214,0.44305,-1.9546
-0.13596,0.24482,-1.1372,1.9908,0.24482,-0.2835,-1.4522,1.1583,-1.1372,-1.4522,-2.6562,-0.24764,1.9908,1.1583,-0.24764,2.0596
10.965,3.7061,-1.4084,-1.7042,3.7061,2.6593,0.55882,0.50987,-1.4084,0.55882,-1.7016,-0.86463,-1.7042,0.50987,-0.86463,-0.23682
2.4806,1.708,-0.8745,0.13359,1.708,-0.51306,-0.95054,-0.26464,-0.8745,-0.95054,0.59093,1.2557,0.13359,-0.26464,1.2557,1.8333
10.405,5.092,-1.4693,0.62519,5.092,2.7278,-2.4496,-0.50209,-1.4693,-2.4496,-3.8053,-1.3315,0.62519,-0.50209,-1.3315,1.9658
3.9715,2.3036,-0.42457,-0.26759,2.3036,1.4269,-0.53842,-0.22218,-0.42457,-0.53842,-1.3587,-0.65858,-0.26759,-0.22218,-0.65858,0.51841
5.1669,4.2381,0.027241,-1.0608,4.2381,3.4121,-0.18597,0.061823,0.027241,-0.18597,-3.8153,-2.5355,-1.0608,0.061823,-2.5355,-0.65811
0.16929,0.14114,1.3111,-1.0022,0.14114,-0.4521,0.96136,-1.0981,1.3111,0.96136,2.3391,-0.082454,-1.0022,-1.0981,-0.082454,-2.1471
6.8622,2.5,0.086377,-0.72576,2.5,1.6464,0.33429,-0.58776,0.086377,0.33429,-0.95926,-0.92196,-0.72576,-0.58776,-0.92196,-1.3595
3.4019,1.7902,0.72605,-0.21415,1.7902,0.50854,-0.090562,-0.56325,0.72605,-0.090562,-1.0402,-0.90674,-0.21415,-0.56325,-0.90674,-0.18646
7.0111,3.5525,0.37713,1.6738,3.5525,-0.31604,-2.4324,-1.0787,0.37713,-2.4324,-2.8181,-0.25695,1.6738,-1.0787,-0.25695,1.5024
4.665,2.8896,-0.79916,-2.1354,2.8896,1.9292,0.30902,-0.82799,-0.79916,0.30902,2.1291,0.85258,-2.1354,-0.82799,0.85258,0.082221
16.983,1.7224,-1.8419,-1.3723,1.7224,0.82841,-0.10568,-0.31121,-1.8419,-0.10568,-0.60178,0.27328,-1.3723,-0.31121,0.27328,-0.78453
2.912,7.1066,-4.8573,2.1419,7.1066,9.7255,-4.8869,1.6125,-4.8573,-4.8869,-5.9323,0.58478,2.1419,1.6125,0.58478,7.7786
3.0699,3.158,1.9689,-1.4596,3.158,3.4409,2.0047,-1.2899,1.9689,2.0047,0.0058768,-2.6029,-1.4596,-1.2899,-2.6029,-2.3608
5.6052,5.2119,-3.902,-2.7586,5.2119,8.4244,1.2873,2.823,-3.902,1.2873,-2.9294,-1.9752,-2.7586,2.823,-1.9752,-1.8499
9.9482,4.6914,-1.0813,-1.5813,4.6914,0.79203,-1.3407,-0.9126,-1.0813,-1.3407,-0.41395,0.27277,-1.5813,-0.9126,0.27277,0.33424
0.75242,1.0766,-0.25964,-0.34642,1.0766,1.3347,0.40372,-0.18353,-0.25964,0.40372,-0.38561,-0.60252,-0.34642,-0.18353,-0.60252,-0.18243
3.446,0.38708,0.85949,0.90681,0.38708,-2.3974,-1.1711,-1.038,0.85949,-1.1711,-0.30662,0.092328,0.90681,-1.038,0.092328,-0.56669
22.326,0.95637,0.33102,0.11592,0.95637,-0.56441,-1.3146,-1.2927,0.33102,-1.3146,-0.84224,-1.2868,0.11592,-1.2927,-1.2868,-2.222
0.62193,0.78934,0.27653,-0.59667,0.78934,0.32349,0.28369,-0.34668,0.27653,0.28369,0.37629,-0.10296,-0.59667,-0.34668,-0.10296,-0.54004
1.7782,2.3276,-0.044237,0.10851,2.3276,2.6796,-0.60697,-0.44163,-0.044237,-0.60697,-1.9127,-1.9478,0.10851,-0.44163,-1.9478,-2.1534
2.7987,1.2808,0.63943,0.53409,1.2808,-0.0842,-0.88251,-0.31943,0.63943,-0.88251,-1.8159,-1.3786,0.53409,-0.31943,-1.3786,-0.091912
0.12505,-0.033503,1.492,-0.43683,-0.033503,-0.67013,0.33931,-0.87775,1.492,0.33931,1.6546,-0.34764,-0.43683,-0.87775,-0.34764,-0.85764
32.465,-1.7234,0.058595,-1.9487,-1.7234,-1.7871,0.62167,-1.0537,0.058595,0.62167,2.4596,1.0076,-1.9487,-1.0537,1.0076,-1.0806
19.228,0.70772,-2.556,-0.97415,0.70772,2.8661,-0.30257,1.9546,-2.556,-0.30257,-3.1787,-1.702,-0.97415,1.9546,-1.702,-0.13451
2.5591,0.48025,1.5829,1.228,0.48025,-0.91012,-0.60703,-0.91356,1.5829,-0.60703,0.47703,-1.0565,1.228,-0.91356,-1.0565,2.4155
4.0136,4.5866,-1.0929,0.5397,4.5866,5.4145,-2.7561,-0.5863,-1.0929,-2.7561,-2.7625,-0.060469,0.5397,-0.5863,-0.060469,2.0439
9.4178,6.0537,-0.85781,-1.0361,6.0537,3.2542,-0.45291,-1.1417,-0.85781,-0.45291,-0.39235,-1.1075,-1.0361,-1.1417,-1.1075,-2.0231
1.6755,1.4011,0.44873,0.31964,1.4011,0.37008,-0.38476,-0.59609,0.44873,-0.38476,-0.80292,-1.0128,0.31964,-0.59609,-1.0128,-1.1911
1.1037,0.57595,-0.37893,0.030518,0.57595,0.62351,-0.28576,0.75019,-0.37893,-0.28576,-1.2843,-0.17674,0.030518,0.75019,-0.17674,1.6216
0.66114,-0.92207,3.0024,-1.2263,-0.92207,-1.7617,1.5645,-2.2981,3.0024,1.5645,5.6456,-0.17078,-1.2263,-2.2981,-0.17078,-2.1761
1.2015,2.0396,3.0476,-2.8055,2.0396,2.6247,1.1911,-4.8968,3.0476,1.1911,6.6569,1.8422,-2.8055,-4.8968,1.8422,-4.0425
15.204,-0.58146,-1.3931,0.17438,-0.58146,-1.3003,-1.1257,0.63744,-1.3931,-1.1257,-0.87482,1.6158,0.17438,0.63744,1.6158,2.4509
18.011,0.37711,-0.55998,-1.2212,0.37711,-0.11784,-0.017379,-0.14592,-0.55998,-0.017379,-0.36039,-0.284,-1.2212,-0.14592,-0.284,-0.73585
1.8031,2.0816,1.7537,-1.7588,2.0816,3.1684,2.6507,-1.4415,1.7537,2.6507,2.0022,-1.5024,-1.7588,-1.4415,-1.5024,-2.0898
3.0909,4.3836,-3.2158,-0.97392,4.3836,4.0934,-0.87765,1.8691,-3.2158,-0.87765,-3.405,-0.11818,-0.97392,1.8691,-0.11818,2.8509
6.3181,2.8794,-3.1455,0.15763,2.8794,1.1807,-2.0694,1.5336,-3.1455,-2.0694,-2.5329,1.7498,0.15763,1.5336,1.7498,3.8273
6.4496,3.3493,-1.0038,-0.96801,3.3493,2.1489,-0.68634,-0.088515,-1.0038,-0.68634,0.94346,0.62689,-0.96801,-0.088515,0.62689,0.41151
0.74784,1.4228,-1.0469,0.6595,1.4228,2.734,0.25293,1.1832,-1.0469,0.25293,-2.4482,-0.52291,0.6595,1.1832,-0.52291,1.8009
17.574,4.496,-2.1512,-2.4225,4.496,5.7389,0.60561,0.84892,-2.1512,0.60561,-3.02,-3.0265,-2.4225,0.84892,-3.0265,-3.0747
1.6446,1.9243,-0.65362,-0.48442,1.9243,2.0154,-0.23245,1.4534,-0.65362,-0.23245,-2.6349,-1.0325,-0.48442,1.4534,-1.0325,2.595
-2.3169,2.4602,-2.4177,-2.2854,2.4602,6.6024,2.5413,2.3982,-2.4177,2.5413,-2.5451,-2.501,-2.2854,2.3982,-2.501,-2.2515
5.7435,3.9429,-2.1703,-1.1891,3.9429,2.7844,-0.4975,0.36117,-2.1703,-0.4975,-0.36453,0.35005,-1.1891,0.36117,0.35005,1.2363
15.941,6.5001,-1.3117,-1.8104,6.5001,3.8645,-0.40149,-0.64062,-1.3117,-0.40149,-2.391,-2.6959,-1.8104,-0.64062,-2.6959,-3.1803
2.0718,-0.36537,2.923,-1.2495,-0.36537,-1.0842,1.7208,-2.014,2.923,1.7208,3.4604,0.76836,-1.2495,-2.014,0.76836,0.013179
5.9792,7.6404,-1.0461,-3.4504,7.6404,7.1015,0.95318,-0.51578,-1.0461,0.95318,-0.53272,-1.7945,-3.4504,-0.51578,-1.7945,-3.2871
34.615,4.3887,-2.3104,-0.84532,4.3887,2.7676,-1.08,0.88558,-2.3104,-1.08,-4.7186,-3.8805,-0.84532,0.88558,-3.8805,-2.5716
4.1285,1.9491,2.4557,-0.025659,1.9491,0.69094,0.53733,-1.4848,2.4557,0.53733,0.021516,-2.5285,-0.025659,-1.4848,-2.5285,-0.30645
8.8822,3.9826,-1.4531,-1.0775,3.9826,0.41026,-0.97944,-0.43415,-1.4531,-0.97944,-0.0049865,0.49198,-1.0775,-0.43415,0.49198,-0.74831
-0.024684,4.9623,-2.8605,-0.65658,4.9623,8.6646,-1.3794,0.73691,-2.8605,-1.3794,-1.8038,-0.13556,-0.65658,0.73691,-0.13556,2.2655
6.2203,1.5203,4.237,0.57978,1.5203,-3.4031,-0.13479,-3.7783,4.237,-0.13479,2.4509,-2.2096,0.57978,-3.7783,-2.2096,-2.3329
10.215,4.7271,-2.4426,-0.39102,4.7271,2.1346,-1.0416,1.4057,-2.4426,-1.0416,-2.9623,-1.1884,-0.39102,1.4057,-1.1884,0.63958
2.7966,2.9812,1.5621,-4.4422,2.9812,3.5444,3.0911,-1.4949,1.5621,3.0911,2.9504,-1.7566,-4.4422,-1.4949,-1.7566,-3.4547
16.051,0.30277,-1.3175,0.099099,0.30277,-1.7374,-1.5124,-0.36665,-1.3175,-1.5124,0.4096,0.94211,0.099099,-0.36665,0.94211,1.6598
8.1532,3.4543,-1.1495,0.82842,3.4543,-1.2215,-3.1372,-0.16361,-1.1495,-3.1372,-1.7094,0.6057,0.82842,-0.16361,0.6057,4.7336
5.068,4.5418,-1.5497,-3.7411,4.5418,4.2604,1.5986,-0.9801,-1.5497,1.5986,2.8375,-0.07275,-3.7411,-0.9801,-0.07275,-2.3642
10.714,4.3029,1.9952,-0.11211,4.3029,-2.1148,-1.9858,-2.7155,1.9952,-1.9858,-0.61337,-0.63728,-0.11211,-2.7155,-0.63728,-0.8286
11.842,6.0138,0.0031272,-1.0012,6.0138,1.3339,-0.22291,-1.4837,0.0031272,-0.22291,-0.51115,-1.5041,-1.0012,-1.4837,-1.5041,-2.3965
32.088,-0.62123,2.5795,-1.7454,-0.62123,-5.516,-0.20839,-3.4845,2.5795,-0.20839,4.8524,2.2219,-1.7454,-3.4845,2.2219,-1.6126
11.13,3.3119,0.45103,-1.0741,3.3119,-0.20372,-0.8703,-1.2619,0.45103,-0.8703,1.3546,0.84995,-1.0741,-1.2619,0.84995,-0.68658
5.5637,6.0971,-0.12388,-1.23,6.0971,7.3599,0.30228,-1.473,-0.12388,0.30228,-2.8192,-2.8759,-1.23,-1.473,-2.8759,-1.9744
10.464,5.871,2.1105,1.6052,5.871,3.25,-2.7455,-3.5799,2.1105,-2.7455,-3.1389,-2.8916,1.6052,-3.5799,-2.8916,-2.5643
1.5139,0.25901,1.845,-2.7669,0.25901,0.048742,1.4799,-1.3745,1.845,1.4799,3.4687,0.57804,-2.7669,-1.3745,0.57804,-0.49376
6.3096,1.5944,0.17618,0.46532,1.5944,-2.2509,-2.243,-1.2418,0.17618,-2.243,-0.58474,1.6741,0.46532,-1.2418,1.6741,3.3088
16.851,-1.8712,-0.75616,-0.50682,-1.8712,-2.5376,-0.037441,-0.38522,-0.75616,-0.037441,1.9731,1.7884,-0.50682,-0.38522,1.7884,1.43
-1.9959,-0.87695,-1.1039,0.12827,-0.87695,-0.19404,-0.14261,1.2798,-1.1039,-0.14261,-0.1655,1.07,0.12827,1.2798,1.07,1.9265
12.304,5.6313,-0.14771,-1.339,5.6313,1.5304,-0.36221,-1.4617,-0.14771,-0.36221,-0.58258,-1.4787,-1.339,-1.4617,-1.4787,-2.0971
-1.3862,1.0475,-1.6046,-0.9651,1.0475,3.843,1.0825,1.5678,-1.6046,1.0825,-1.6938,-0.74686,-0.9651,1.5678,-0.74686,-0.36857
-2.7148,-2.2523,-0.96316,1.4423,-2.2523,-1.8858,-0.48984,1.1826,-0.96316,-0.48984,0.22922,1.5424,1.4423,1.1826,1.5424,4.2666
2.1326,1.8906,-1.6712,1.2438,1.8906,3.6008,-2.1725,0.51115,-1.6712,-2.1725,-2.3359,0.61884,1.2438,0.51115,0.61884,3.9871
0.60652,0.66489,1.5121,-0.71933,0.66489,0.22107,0.72097,-0.75703,1.5121,0.72097,2.8869,-1.0564,-0.71933,-0.75703,-1.0564,-1.0673
1.146,4.8094,-1.7695,-0.9834,4.8094,7.2554,0.73691,0.37709,-1.7695,0.73691,-2.9969,-1.8467,-0.9834,0.37709,-1.8467,-0.90864
9.3789,4.4209,-2.071,-2.0284,4.4209,4.0459,-0.034002,0.034264,-2.071,-0.034002,-0.46067,-0.033272,-2.0284,0.034264,-0.033272,0.040278
-0.42449,-0.36221,0.33638,0.064943,-0.36221,-0.40844,-0.013233,0.48847,0.33638,-0.013233,0.35875,0.23372,0.064943,0.48847,0.23372,0.84586
2.4003,0.38572,1.3636,0.095798,0.38572,-0.63165,-0.12761,-0.82252,1.3636,-0.12761,0.37366,-0.64601,0.095798,-0.82252,-0.64601,0.32348
2.8463,1.1248,0.90006,1.3031,1.1248,-0.74254,-0.75346,0.024705,0.90006,-0.75346,-1.3302,-0.74859,1.3031,0.024705,-0.74859,-0.71847
10.923,4.6577,-2.882,-1.6131,4.6577,5.2272,0.99424,1.5995,-2.882,0.99424,-2.7195,-2.0445,-1.6131,1.5995,-2.0445,-1.5822
-1.8035,-0.90105,-0.35453,0.22124,-0.90105,0.24279,0.27079,0.9794,-0.35453,0.27079,1.223,-0.34498,0.22124,0.9794,-0.34498,2.6551
4.7591,3.2336,1.8462,-0.78791,3.2336,2.9901,0.070868,-3.8448,1.8462,0.070868,2.5506,0.024455,-0.78791,-3.8448,0.024455,-2.5244
5.0747,2.6212,-0.75671,-0.51428,2.6212,0.31776,-0.35724,-0.49164,-0.75671,-0.35724,-0.44506,0.965,-0.51428,-0.49164,0.965,1.5408
6.1679,4.5245,-0.060741,1.2065,4.5245,2.7295,-2.9016,-1.6146,-0.060741,-2.9016,-3.8807,-0.90152,1.2065,-1.6146,-0.90152,1.9859
0.29531,0.66008,0.25357,0.070241,0.66008,0.70603,0.21858,0.12145,0.25357,0.21858,-0.4135,-0.15881,0.070241,0.12145,-0.15881,0.18439
11.09,6.0268,-2.7027,-4.0419,6.0268,5.5969,1.9811,0.74848,-2.7027,1.9811,-0.30468,-1.9106,-4.0419,0.74848,-1.9106,-3.2218
5.6951,7.0177,0.4894,-1.2856,7.0177,6.5207,-0.66445,-2.347,0.4894,-0.66445,-0.14575,-1.7711,-1.2856,-2.347,-1.7711,-3.0827
9.0045,6.3866,-0.57873,0.027671,6.3866,1.9271,-2.4194,-2.2124,-0.57873,-2.4194,-0.66309,-0.4848,0.027671,-2.2124,-0.4848,-0.79793
-0.52217,-0.70294,2.1809,-1.0378,-0.70294,-0.87806,1.7444,-1.635,2.1809,1.7444,3.2767,0.13332,-1.0378,-1.635,0.13332,-2.2925
-10.663,10.968,-8.8342,-4.6044,10.968,17.38,-0.20484,3.7994,-8.8342,-0.20484,-1.8813,2.2994,-4.6044,3.7994,2.2994,6.3666
4.0819,5.4666,-0.22405,-0.65688,5.4666,6.9998,-0.77149,-1.2182,-0.22405,-0.77149,-0.60453,-2.1727,-0.65688,-1.2182,-2.1727,-2.1323
3.8814,4.0511,2.3932,-1.5155,4.0511,4.47,1.9895,-1.5373,2.3932,1.9895,-0.051661,-4.595,-1.5155,-1.5373,-4.595,-3.8762
3.4239,3.5387,0.43523,-0.60428,3.5387,2.0065,-0.45111,-1.4439,0.43523,-0.45111,0.56885,-0.36893,-0.60428,-1.4439,-0.36893,-1.1343
9.4936,5.3564,-1.3558,-0.83458,5.3564,3.7993,-0.84052,0.18655,-1.3558,-0.84052,-1.9543,-1.5231,-0.83458,0.18655,-1.5231,-1.716
1.279,2.2884,-0.85,-0.050229,2.2884,3.9465,-0.10249,-0.50778,-0.85,-0.10249,-0.69447,-0.4753,-0.050229,-0.50778,-0.4753,-0.5107
-0.2889,4.5141,-0.54938,-3.4546,4.5141,9.5235,4.3323,-1.5215,-0.54938,4.3323,-1.3105,-3.1655,-3.4546,-1.5215,-3.1655,-3.8639
16.39,1.1634,-0.90999,-0.74669,1.1634,-0.98938,-0.65231,-0.28915,-0.90999,-0.65231,0.06196,0.091489,-0.74669,-0.28915,0.091489,0.10613
6.6852,5.3333,0.062664,-0.54731,5.3333,3.5948,-0.93431,-1.6484,0.062664,-0.93431,-0.31539,-0.53133,-0.54731,-1.6484,-0.53133,-1.0127
5.3427,4.2053,1.7812,-0.97051,4.2053,2.2512,0.084009,-0.46016,1.7812,0.084009,-2.0559,-3.245,-0.97051,-0.46016,-3.245,-2.5095
4.1257,2.0314,0.93237,-0.2276,2.0314,-0.029651,-0.41379,-1.1466,0.93237,-0.41379,-0.36349,-0.34993,-0.2276,-1.1466,-0.34993,0.15319
10.143,2.4988,-0.64127,-1.6281,2.4988,0.64434,0.1216,-0.55778,-0.64127,0.1216,0.36768,0.3786,-1.6281,-0.55778,0.3786,-0.212
2.9035,1.1275,1.2122,-2.0907,1.1275,-0.93747,1.0434,-2.004,1.2122,1.0434,4.3253,0.88346,-2.0907,-2.004,0.88346,-1.0829
1.3633,2.2145,-1.4519,-0.63805,2.2145,3.0762,-0.44392,2.0238,-1.4519,-0.44392,-3.7565,-0.74814,-0.63805,2.0238,-0.74814,2.5005
-1.5004,-1.6136,1.5384,-1.0078,-1.6136,-1.353,1.836,-0.92488,1.5384,1.836,4.2647,1.0441,-1.0078,-0.92488,1.0441,-0.7077
13.876,4.2962,-1.263,1.8788,4.2962,-0.99988,-3.4123,-0.31363,-1.263,-3.4123,-2.78,-0.16613,1.8788,-0.31363,-0.16613,1.6217
11.785,3.4248,-2.6237,1.2665,3.4248,-0.51903,-2.4095,0.88469,-2.6237,-2.4095,-3.6655,-0.294,1.2665,0.88469,-0.294,2.0909
17.904,0.7995,-0.68452,-0.3299,0.7995,-0.33174,-0.55543,-0.021505,-0.68452,-0.55543,-0.87517,-0.5109,-0.3299,-0.021505,-0.5109,0.046936
1.9459,1.708,0.41586,-1.309,1.708,1.7049,0.56771,-0.7743,0.41586,0.56771,1.5177,0.35045,-1.309,-0.7743,0.35045,-0.76896
1.0943,1.2768,1.2277,-0.43857,1.2768,2.496,1.3344,-1.2792,1.2277,1.3344,0.17388,-0.8175,-0.43857,-1.2792,-0.8175,-1.049
4.439,5.6548,0.59975,-2.3747,5.6548,3.9026,0.99261,-1.8108,0.59975,0.99261,1.9598,-0.10975,-2.3747,-1.8108,-0.10975,-2.7725
-1.3319,1.02,-1.4871,-0.8383,1.02,3.6323,0.95928,1.6848,-1.4871,0.95928,-1.6999,-0.61654,-0.8383,1.6848,-0.61654,-0.31181
0.02009,4.3359,-3.3365,0.36985,4.3359,6.1884,-1.9347,1.1842,-3.3365,-1.9347,-2.4943,0.88357,0.36985,1.1842,0.88357,4.2541
12.454,7.9289,0.0074043,-0.24571,7.9289,2.8089,-1.5286,-1.5867,0.0074043,-1.5286,-2.1356,-2.5869,-0.24571,-1.5867,-2.5869,-2.3879
3.8008,1.9877,1.9851,-0.59224,1.9877,0.93775,1.0077,-1.1766,1.9851,1.0077,0.24539,-1.8302,-0.59224,-1.1766,-1.8302,-0.44394
13.814,-1.0205,-0.87822,-1.4585,-1.0205,-0.84069,1.3419,-0.52233,-0.87822,1.3419,1.662,1.3663,-1.4585,-0.52233,1.3663,0.35056
3.6528,1.8341,0.069774,-2.3157,1.8341,1.0726,1.0719,-0.77631,0.069774,1.0719,2.904,0.33443,-2.3157,-0.77631,0.33443,-1.6022
3.8247,2.2394,3.5227,-1.0467,2.2394,1.1739,1.7384,-2.0815,3.5227,1.7384,1.0695,-2.6605,-1.0467,-2.0815,-2.6605,-2.4808
3.3733,7.9511,-0.63361,-2.4309,7.9511,9.4645,0.11262,-1.6512,-0.63361,0.11262,-0.79551,-1.6456,-2.4309,-1.6512,-1.6456,-3.6722
19.29,0.030083,-1.0899,-2.0199,0.030083,2.4788,1.5879,-0.16347,-1.0899,1.5879,0.10912,-1.0442,-2.0199,-0.16347,-1.0442,-2.2209
6.3844,1.9645,0.62455,1.2123,1.9645,-2.7178,-2.2124,-1.2034,0.62455,-2.2124,-0.31556,0.48093,1.2123,-1.2034,0.48093,2.1698
0.20794,0.20573,1.1016,-0.66788,0.20573,-0.52453,0.66667,-0.75332,1.1016,0.66667,1.681,0.24668,-0.66788,-0.75332,0.24668,-1.0902
-1.2932,1.3066,-1.4532,-1.0758,1.3066,3.1488,1.3071,1.1316,-1.4532,1.3071,-1.6952,-0.59146,-1.0758,1.1316,-0.59146,-0.23021
-0.37329,0.28344,-0.11989,-0.23945,0.28344,1.5689,0.66863,0.35664,-0.11989,0.66863,-0.37594,-0.27262,-0.23945,0.35664,-0.27262,-0.56192
-0.9854,0.62386,1.541,-2.1269,0.62386,1.8802,2.6919,-1.9355,1.541,2.6919,3.1931,0.2663,-2.1269,-1.9355,0.2663,-1.56
1.6872,0.97209,0.61748,0.42604,0.97209,1.0652,0.33216,-1.2878,0.61748,0.33216,-0.16448,-0.61454,0.42604,-1.2878,-0.61454,0.60785
10.405,3.6956,-2.7913,0.69749,3.6956,0.93255,-1.4136,1.6202,-2.7913,-1.4136,-2.7377,-0.22013,0.69749,1.6202,-0.22013,1.9543
1.6122,1.8161,0.45683,-1.1728,1.8161,2.9026,1.1494,-1.135,0.45683,1.1494,0.28231,-0.74743,-1.1728,-1.135,-0.74743,-0.98187
16.175,3.5053,-1.5727,0.65937,3.5053,-1.1104,-2.2792,0.14872,-1.5727,-2.2792,-2.7937,-0.14528,0.65937,0.14872,-0.14528,2.8028
20.097,0.77541,1.45,-0.77713,0.77541,-1.3191,-0.57012,-1.9872,1.45,-0.57012,1.0181,-0.26464,-0.77713,-1.9872,-0.26464,-2.2998
1.0899,-0.26505,0.12107,0.35396,-0.26505,-0.90315,-0.65152,0.012499,0.12107,-0.65152,-0.48749,0.6393,0.35396,0.012499,0.6393,1.4262
1.9391,1.1678,0.26221,-0.62135,1.1678,0.53949,0.20854,0.32713,0.26221,0.20854,-0.4241,-0.2518,-0.62135,0.32713,-0.2518,2.8447
4.2465,1.9553,-0.45221,0.17652,1.9553,0.023836,-0.8555,-0.12655,-0.45221,-0.8555,-0.24777,0.20041,0.17652,-0.12655,0.20041,0.28257
15.717,2.0492,-1.0743,-2.0028,2.0492,2.3669,1.159,-0.18003,-1.0743,1.159,0.36749,-1.057,-2.0028,-0.18003,-1.057,-2.5048
12.477,7.2337,0.45103,1.7468,7.2337,-0.59281,-3.1617,-2.066,0.45103,-3.1617,-3.0604,-1.9178,1.7468,-2.066,-1.9178,-1.136
11.891,5.2263,-0.66539,0.19841,5.2263,0.62339,-1.8204,-0.64206,-0.66539,-1.8204,-2.0153,-1.353,0.19841,-0.64206,-1.353,-1.4209
7.2869,4.6066,-1.668,-2.1915,4.6066,4.0268,0.72359,-0.58799,-1.668,0.72359,0.28062,-0.26795,-2.1915,-0.58799,-0.26795,-0.77722
11.224,4.2395,-0.72527,-0.30434,4.2395,-0.18142,-0.64974,-0.64661,-0.72527,-0.64974,-0.79759,-0.6596,-0.30434,-0.64661,-0.6596,-1.5186
5.2435,5.5386,-0.35932,0.16075,5.5386,6.5423,-1.2057,-1.3508,-0.35932,-1.2057,-1.8041,-1.4779,0.16075,-1.3508,-1.4779,-0.24633
1.6929,0.5145,4.1427,-3.0706,0.5145,0.20884,4.104,-2.6326,4.1427,4.104,4.3413,-0.98321,-3.0706,-2.6326,-0.98321,-3.2485
9.4098,0.055404,-0.071174,-0.88196,0.055404,1.2873,0.71547,0.044958,-0.071174,0.71547,-0.060256,-0.24817,-0.88196,0.044958,-0.24817,-0.6296
17.336,4.2229,-2.4656,-2.611,4.2229,5.7003,1.1286,0.68283,-2.4656,1.1286,-2.31,-2.9408,-2.611,0.68283,-2.9408,-3.2568
19.405,-1.2788,0.044331,-1.3321,-1.2788,-2.085,0.16051,-0.9431,0.044331,0.16051,0.8206,1.1883,-1.3321,-0.9431,1.1883,0.19665
2.7135,2.9088,0.50329,0.29792,2.9088,2.4805,0.040621,-0.72318,0.50329,0.040621,-2.1314,-2.3089,0.29792,-0.72318,-2.3089,-2.2595
21.141,1.1187,-0.17796,2.0508,1.1187,-3.7088,-3.2657,-1.0172,-0.17796,-3.2657,-2.4684,0.37291,2.0508,-1.0172,0.37291,1.5693
12.571,3.933,-0.82156,-2.6184,3.933,2.7038,1.3146,-0.35142,-0.82156,1.3146,0.58145,-0.93961,-2.6184,-0.35142,-0.93961,-2.019
22.375,3.8576,1.2016,0.58406,3.8576,-1.2252,-2.6166,-2.362,1.2016,-2.6166,-2.3644,-2.5016,0.58406,-2.362,-2.5016,-2.8127
1.4331,1.2922,-0.075086,0.35804,1.2922,0.1247,-0.71524,0.26973,-0.075086,-0.71524,-1.9235,-0.71348,0.35804,0.26973,-0.71348,0.20413
6.0934,5.7312,0.31923,-3.3799,5.7312,4.0762,0.76021,-1.0947,0.31923,0.76021,-0.58783,-2.2413,-3.3799,-1.0947,-2.2413,-3.6641
18.561,0.83775,-1.0445,-1.9208,0.83775,2.3037,1.2061,-0.28708,-1.0445,1.2061,-0.26622,-1.0228,-1.9208,-0.28708,-1.0228,-2.2553
3.9003,4.7772,-0.31436,-1.1928,4.7772,6.585,-1.1446,-1.2298,-0.31436,-1.1446,0.64186,-0.51887,-1.1928,-1.2298,-0.51887,-0.78986
-0.43317,3.549,-2.2156,-0.97734,3.549,6.6458,1.2513,1.5235,-2.2156,1.2513,-4.3621,-2.5281,-0.97734,1.5235,-2.5281,-0.33431
1.2935,2.6646,2.219,-2.3719,2.6646,3.3264,1.6593,-3.4906,2.219,1.6593,4.036,0.56341,-2.3719,-3.4906,0.56341,-2.5162
-0.32539,-0.1018,0.7153,-0.64481,-0.1018,0.61135,0.98346,-0.55682,0.7153,0.98346,1.8273,-0.11845,-0.64481,-0.55682,-0.11845,0.69298
19.262,4.0245,-2.115,-1.9842,4.0245,4.8485,0.79049,0.86079,-2.115,0.79049,-3.7763,-3.1675,-1.9842,0.86079,-3.1675,-2.7918
-0.09255,1.3341,0.16688,-0.12749,1.3341,2.3006,0.44974,-0.28886,0.16688,0.44974,-0.57557,-0.40112,-0.12749,-0.28886,-0.40112,0.90598
10.416,7.2343,1.0728,-0.46887,7.2343,1.4105,-1.2544,-2.8211,1.0728,-1.2544,-0.32357,-1.7576,-0.46887,-2.8211,-1.7576,-3.2664
7.5489,2.8799,-1.8131,-1.0243,2.8799,0.61183,0.11438,0.55715,-1.8131,0.11438,-0.26313,0.8769,-1.0243,0.55715,0.8769,0.37109
-0.15231,1.151,0.19921,-1.3822,1.151,2.1161,1.626,-0.61563,0.19921,1.626,0.91798,-0.50263,-1.3822,-0.61563,-0.50263,-2.0226
0.11601,-0.046494,0.17679,0.0034178,-0.046494,-0.029863,0.32649,0.20767,0.17679,0.32649,0.1209,-0.1575,0.0034178,0.20767,-0.1575,-0.51923
12.977,6.0177,-0.12737,-0.03172,6.0177,1.846,-1.5174,-1.7717,-0.12737,-1.5174,-0.8301,-1.4026,-0.03172,-1.7717,-1.4026,-2.1485
2.3181,4.3551,0.43131,-2.5365,4.3551,6.9495,0.73124,-2.3087,0.43131,0.73124,1.8068,-0.023117,-2.5365,-2.3087,-0.023117,-2.8803
12.259,4.3258,1.1504,-1.2814,4.3258,2.168,-0.22308,-1.5195,1.1504,-0.22308,-0.49964,-1.4908,-1.2814,-1.5195,-1.4908,-2.7571
-1.5642,1.286,-1.6317,-0.72728,1.286,3.4307,0.83124,1.9398,-1.6317,0.83124,-1.6014,-0.58601,-0.72728,1.9398,-0.58601,-1.0489
6.7224,6.0588,0.61,-1.1828,6.0588,3.4462,-0.62551,-1.9501,0.61,-0.62551,0.69534,-0.93404,-1.1828,-1.9501,-0.93404,-2.2488
5.1658,3.6187,-0.51951,0.3556,3.6187,1.429,-0.54861,-0.1393,-0.51951,-0.54861,-2.2138,-1.0876,0.3556,-0.1393,-1.0876,1.3541
-2.1178,4.883,-2.5687,-2.5836,4.883,10.833,0.82665,0.57782,-2.5687,0.82665,-0.16185,-0.39443,-2.5836,0.57782,-0.39443,-0.81894
5.6616,1.9367,-1.9407,0.60148,1.9367,-0.927,-2.1947,0.2109,-1.9407,-2.1947,0.15546,2.6511,0.60148,0.2109,2.6511,2.79
6.7863,0.40843,-1.7332,0.76287,0.40843,-1.449,-1.7299,1.0953,-1.7332,-1.7299,-1.2375,0.58855,0.76287,1.0953,0.58855,4.3099
21.426,-0.94078,-1.6143,1.5148,-0.94078,-0.81443,-1.4731,0.067394,-1.6143,-1.4731,-1.3783,-0.42663,1.5148,0.067394,-0.42663,2.0583
8.9709,4.8122,-0.49369,-0.89275,4.8122,1.8914,-0.37381,-0.97962,-0.49369,-0.37381,-0.7223,-0.67018,-0.89275,-0.97962,-0.67018,-0.43991
-0.45362,-1.2894,-1.3138,2.1024,-1.2894,-2.225,-1.848,1.0085,-1.3138,-1.848,-1.5498,1.5597,2.1024,1.0085,1.5597,3.7707
15.752,3.9885,0.6121,-0.62951,3.9885,-0.18761,-0.55381,-1.3655,0.6121,-0.55381,-1.5764,-1.4922,-0.62951,-1.3655,-1.4922,-1.7072
2.9387,1.7899,-0.59207,-0.65446,1.7899,2.3437,-0.029465,-0.0084929,-0.59207,-0.029465,0.039755,0.0074542,-0.65446,-0.0084929,0.0074542,0.086972
0.51064,0.089178,0.72706,-0.49647,0.089178,1.0165,0.83538,-0.21482,0.72706,0.83538,1.454,0.37952,-0.49647,-0.21482,0.37952,2.1335
8.116,2.5965,-1.0799,-0.037116,2.5965,1.2473,-0.54179,-0.014945,-1.0799,-0.54179,-0.97057,-0.44627,-0.037116,-0.014945,-0.44627,-0.050428
11.302,4.6232,-2.1572,0.57809,4.6232,0.92764,-1.9472,1.3982,-2.1572,-1.9472,-3.2244,-0.70579,0.57809,1.3982,-0.70579,0.61166
2.7751,0.80186,1.9702,0.63554,0.80186,-1.59,-0.26464,-1.5372,1.9702,-0.26464,0.35186,-0.76684,0.63554,-1.5372,-0.76684,-1.1667
0.37531,1.3432,0.040665,-1.2718,1.3432,2.2204,1.1456,-0.014259,0.040665,1.1456,-0.209,-1.0911,-1.2718,-0.014259,-1.0911,-2.0623
1.3455,1.6274,0.71931,0.14015,1.6274,0.5433,0.06278,-0.73389,0.71931,0.06278,-0.089813,-0.501,0.14015,-0.73389,-0.501,-0.085395
-1.1197,0.41476,0.44399,-1.1304,0.41476,1.9368,1.5757,-0.53204,0.44399,1.5757,1.1743,-0.047216,-1.1304,-0.53204,-0.047216,-1.0442
0.20302,0.96787,1.263,-1.7587,0.96787,1.5986,2.1636,-1.0542,1.263,2.1636,1.4546,-0.17361,-1.7587,-1.0542,-0.17361,-1.2865
8.3543,1.5724,-0.31838,-0.91167,1.5724,-1.8471,-0.86723,-0.30819,-0.31838,-0.86723,1.4821,1.8704,-0.91167,-0.30819,1.8704,1.2607
13.023,4.9847,-2.5493,-1.1265,4.9847,3.2,-0.06204,0.09752,-2.5493,-0.06204,-3.0471,-1.7974,-1.1265,0.09752,-1.7974,0.27115
4.7373,2.8688,0.76064,-1.0106,2.8688,0.38171,0.18556,-0.9552,0.76064,0.18556,0.015155,-0.92236,-1.0106,-0.9552,-0.92236,-1.5923
14.93,2.7139,1.5225,-2.8082,2.7139,-0.73204,0.71502,-2.0175,1.5225,0.71502,2.8772,0.26755,-2.8082,-2.0175,0.26755,-2.6189
14.342,6.2231,-0.37379,-0.41633,6.2231,2.1911,-0.88154,-1.5122,-0.37379,-0.88154,-1.7598,-2.1664,-0.41633,-1.5122,-2.1664,-2.9634
4.6026,3.9024,-2.5386,-0.44595,3.9024,3.8436,-1.5417,1.3579,-2.5386,-1.5417,-1.8678,0.36518,-0.44595,1.3579,0.36518,2.8098
-1.9913,0.31725,-0.156,-2.1463,0.31725,2.6883,1.9548,0.37523,-0.156,1.9548,1.968,-0.49308,-2.1463,0.37523,-0.49308,-2.2648
4.4812,1.9695,0.34182,0.37025,1.9695,1.2138,-0.38996,-0.81167,0.34182,-0.38996,-0.81188,-0.1465,0.37025,-0.81167,-0.1465,-0.15097
16.341,-0.083319,-0.28851,-0.24889,-0.083319,-1.37,-0.23237,0.26359,-0.28851,-0.23237,-0.081969,0.45796,-0.24889,0.26359,0.45796,0.056178
-0.61897,0.044229,0.6196,-0.2681,0.044229,-1.5477,0.46206,-0.59699,0.6196,0.46206,1.6118,0.44235,-0.2681,-0.59699,0.44235,0.1595
2.8789,0.40987,1.1258,0.45224,0.40987,-0.58804,-0.14146,-0.50801,1.1258,-0.14146,-0.12002,-0.53154,0.45224,-0.50801,-0.53154,0.074652
4.6584,3.5501,-0.172,0.72941,3.5501,2.972,-1.159,-0.37373,-0.172,-1.159,-2.0884,-0.94389,0.72941,-0.37373,-0.94389,1.7815
-1.1906,-0.84845,-0.25909,0.53567,-0.84845,-0.093881,0.029229,1.0825,-0.25909,0.029229,0.030525,0.47219,0.53567,1.0825,0.47219,0.64886
8.0264,5.2885,0.26082,-2.9905,5.2885,2.4677,1.317,-1.8332,0.26082,1.317,2.0426,-0.34373,-2.9905,-1.8332,-0.34373,-3.6045
2.8577,1.8797,2.4387,-0.8406,1.8797,-0.69635,0.62426,-1.8114,2.4387,0.62426,1.5547,-1.0914,-0.8406,-1.8114,-1.0914,-1.6257
-1.4891,-0.54348,0.60377,-0.98919,-0.54348,0.022146,0.90439,0.16775,0.60377,0.90439,2.2804,0.47845,-0.98919,0.16775,0.47845,-0.077048
0.85496,2.9415,-0.26606,-1.6761,2.9415,5.3911,1.3941,-0.41906,-0.26606,1.3941,-0.70928,-1.3053,-1.6761,-0.41906,-1.3053,-1.4274
-1.6164,1.5382,-1.7849,-0.85818,1.5382,4.3774,0.79477,1.0466,-1.7849,0.79477,-1.5786,-0.80749,-0.85818,1.0466,-0.80749,0.022612
5.5405,3.8727,-0.67066,-0.90217,3.8727,3.6845,0.38729,-0.86802,-0.67066,0.38729,-0.97218,-1.3659,-0.90217,-0.86802,-1.3659,-1.4261
1.9394,2.4924,-0.359,-2.247,2.4924,3.0087,0.56934,0.85601,-0.359,0.56934,-0.5847,-0.67304,-2.247,0.85601,-0.67304,-0.26332
1.5603,1.57,0.88391,-0.47678,1.57,1.3723,0.15656,-1.7581,0.88391,0.15656,1.3269,0.17044,-0.47678,-1.7581,0.17044,-0.60623
-0.026155,0.50904,1.413,-1.0676,0.50904,0.48176,1.3047,-0.66917,1.413,1.3047,1.6672,-0.70852,-1.0676,-0.66917,-0.70852,-0.52017
4.2725,6.554,-0.79757,-2.5515,6.554,8.1756,0.95722,-1.051,-0.79757,0.95722,-0.16405,-1.9872,-2.5515,-1.051,-1.9872,-2.8559
2.2357,1.2597,1.2218,0.12166,1.2597,-0.1823,-0.0095254,-0.65497,1.2218,-0.0095254,0.3033,-0.12286,0.12166,-0.65497,-0.12286,-0.39747
0.9632,1.2583,1.0092,-0.71661,1.2583,0.087523,1.0262,-0.2052,1.0092,1.0262,0.45085,-1.182,-0.71661,-0.2052,-1.182,0.091786
0.88562,0.045244,1.1771,-0.2296,0.045244,-0.3111,0.11267,-0.80521,1.1771,0.11267,1.8776,0.27139,-0.2296,-0.80521,0.27139,-0.68691
5.7272,4.1613,1.1861,-0.3667,4.1613,3.3457,-0.025531,-2.649,1.1861,-0.025531,-1.0379,-1.437,-0.3667,-2.649,-1.437,-1.2328
1.9666,2.512,-0.91365,0.33769,2.512,3.1353,-1.829,0.16622,-0.91365,-1.829,-1.4841,0.21857,0.33769,0.16622,0.21857,1.3661
6.242,3.6159,0.8779,-3.0873,3.6159,2.4346,1.6445,-2.1068,0.8779,1.6445,4.597,0.016592,-3.0873,-2.1068,0.016592,-3.1938
1.0533,0.48464,0.46562,-0.8147,0.48464,1.3533,0.66683,-1.0287,0.46562,0.66683,0.94391,0.045323,-0.8147,-1.0287,0.045323,0.60865
7.6282,4.6437,-0.29378,-0.030369,4.6437,2.1618,-0.87418,-1.2639,-0.29378,-0.87418,-0.8562,-0.56743,-0.030369,-1.2639,-0.56743,-0.28027
16.069,1.6682,-0.95927,-0.46959,1.6682,0.46655,-0.52225,0.0031601,-0.95927,-0.52225,-0.98422,-0.28324,-0.46959,0.0031601,-0.28324,-0.23019
7.1733,2.854,0.2672,-2.0012,2.854,-0.4427,-0.26123,-2.1957,0.2672,-0.26123,3.6865,1.9578,-2.0012,-2.1957,1.9578,-0.63124
6.2547,2.607,-1.4123,-0.50225,2.607,3.1163,-0.19656,0.64729,-1.4123,-0.19656,-1.3932,-0.95888,-0.50225,0.64729,-0.95888,-0.11741
13.886,3.6805,-2.2835,-0.24632,3.6805,0.22049,-2.6236,0.32297,-2.2835,-2.6236,-3.1514,-0.14979,-0.24632,0.32297,-0.14979,3.4959
17.131,2.1331,-0.73626,-0.76658,2.1331,0.051111,-0.55662,0.090236,-0.73626,-0.55662,-0.49817,-0.93649,-0.76658,0.090236,-0.93649,0.138
5.3032,3.8136,1.3894,0.50152,3.8136,2.6573,-1.0705,-1.7646,1.3894,-1.0705,-0.53921,-1.0281,0.50152,-1.7646,-1.0281,-1.0895
11.855,3.8083,-1.5333,0.01844,3.8083,1.9622,-0.84197,-0.25024,-1.5333,-0.84197,-1.6298,-0.47713,0.01844,-0.25024,-0.47713,0.37734
14.087,0.60761,0.35044,0.19861,0.60761,0.10307,-0.79787,-1.3261,0.35044,-0.79787,-0.65372,-1.0483,0.19861,-1.3261,-1.0483,-1.3855
8.5528,4.5469,-0.5946,-0.85912,4.5469,1.0857,-1.2139,-1.2101,-0.5946,-1.2139,1.1409,0.44676,-0.85912,-1.2101,0.44676,-0.31257
35.358,5.8422,-0.62447,1.452,5.8422,-1.4923,-3.7959,-1.512,-0.62447,-3.7959,-5.2687,-3.0931,1.452,-1.512,-3.0931,-2.3069
4.7829,1.6711,-0.18349,-0.8518,1.6711,-0.56057,0.17003,-0.60411,-0.18349,0.17003,0.67194,0.55068,-0.8518,-0.60411,0.55068,0.70694
2.7014,3.5156,0.22253,0.43692,3.5156,4.2846,-0.81038,-1.2771,0.22253,-0.81038,-0.92586,-0.96874,0.43692,-1.2771,-0.96874,-1.8278
-2.2881,6.4599,-2.7701,-4.7803,6.4599,14.782,2.6653,1.0618,-2.7701,2.6653,-0.87854,-2.2243,-4.7803,1.0618,-2.2243,-3.4523
1.2314,1.2288,-0.087139,0.088536,1.2288,1.5636,-0.14259,-0.22343,-0.087139,-0.14259,0.056171,0.34864,0.088536,-0.22343,0.34864,1.1984
1.6318,2.3128,-0.76854,-0.83199,2.3128,4.1668,-0.39756,-0.36676,-0.76854,-0.39756,0.3264,0.28214,-0.83199,-0.36676,0.28214,-0.30392
14.461,4.1421,0.85627,-0.17887,4.1421,-0.78973,-0.92114,-1.6091,0.85627,-0.92114,-0.32115,-0.99993,-0.17887,-1.6091,-0.99993,-1.4822
14.231,5.1589,-0.5946,-2.0924,5.1589,2.5623,-0.10785,-0.76926,-0.5946,-0.10785,-0.79852,-1.3764,-2.0924,-0.76926,-1.3764,-2.9211
0.027006,1.8827,0.21328,-1.3011,1.8827,3.5491,2.432,0.2208,0.21328,2.432,0.76633,-3.1365,-1.3011,0.2208,-3.1365,-0.53956
2.761,3.6423,-0.52155,-1.5012,3.6423,2.6626,0.26132,-0.56586,-0.52155,0.26132,1.0923,-0.27982,-1.5012,-0.56586,-0.27982,-1.2098
13.27,4.4328,-1.2232,-2.6076,4.4328,4.2393,0.67564,-0.72105,-1.2232,0.67564,-0.083964,-1.0332,-2.6076,-0.72105,-1.0332,-2.313
1.9172,1.0705,3.3864,-2.6347,1.0705,0.31792,3.0575,-2.1529,3.3864,3.0575,5.1667,-1.1591,-2.6347,-2.1529,-1.1591,-2.3396
5.1602,4.4675,-1.9872,-2.1921,4.4675,4.4258,0.61731,0.20866,-1.9872,0.61731,0.47729,-0.4934,-2.1921,0.20866,-0.4934,-0.72265
5.5202,3.9946,-2.4343,-0.55222,3.9946,3.857,-0.6956,1.0847,-2.4343,-0.6956,-2.8462,-0.31098,-0.55222,1.0847,-0.31098,0.87355
13.856,4.8829,0.90001,-0.60583,4.8829,-0.68113,-1.5632,-2.2587,0.90001,-1.5632,-0.47854,-0.66895,-0.60583,-2.2587,-0.66895,-2.0515
0.6073,2.7689,-0.90218,-0.91308,2.7689,6.1121,0.13764,-0.67894,-0.90218,0.13764,-0.12476,-0.36417,-0.91308,-0.67894,-0.36417,-0.58593
10.341,1.9877,0.82812,-2.9475,1.9877,-0.025201,2.0776,-2.1312,0.82812,2.0776,4.2138,0.44606,-2.9475,-2.1312,0.44606,-2.2479
-1.3165,0.93751,0.97493,-3.5506,0.93751,3.623,3.1379,-0.92372,0.97493,3.1379,3.1351,-1.1579,-3.5506,-0.92372,-1.1579,-5.1323
5.4095,0.46632,0.44311,-1.4069,0.46632,-2.2016,0.94919,-1.2207,0.44311,0.94919,2.401,1.1604,-1.4069,-1.2207,1.1604,0.72007
3.81,2.6458,-0.089299,0.46712,2.6458,1.7437,-1.1915,-1.0855,-0.089299,-1.1915,-1.9356,-0.87555,0.46712,-1.0855,-0.87555,0.43047
4.6101,1.9662,0.13345,-0.48072,1.9662,-0.33151,-0.39273,-0.99604,0.13345,-0.39273,0.19327,0.17061,-0.48072,-0.99604,0.17061,0.8899
1.2073,2.2429,0.17382,-1.533,2.2429,3.5828,0.92311,-1.6257,0.17382,0.92311,2.6074,0.35926,-1.533,-1.6257,0.35926,-1.4203
9.5744,3.2286,-2.5365,-1.1152,3.2286,1.9365,-0.85163,1.0306,-2.5365,-0.85163,-0.78537,0.47012,-1.1152,1.0306,0.47012,1.9385
-1.5925,0.71107,-0.70222,-0.6792,0.71107,1.8986,1.8396,0.41931,-0.70222,1.8396,0.70355,-0.59365,-0.6792,0.41931,-0.59365,0.19106
4.468,3.7306,-0.82735,-0.99537,3.7306,2.7705,0.044814,0.073433,-0.82735,0.044814,-0.070251,-0.02243,-0.99537,0.073433,-0.02243,-0.14512
2.423,-0.58507,1.2408,-0.80723,-0.58507,-2.8362,-0.25087,-1.0104,1.2408,-0.25087,3.0493,2.3251,-0.80723,-1.0104,2.3251,2.5159
10.655,4.9886,-0.9121,0.15245,4.9886,1.5055,-2.0423,-0.38487,-0.9121,-2.0423,-2.2471,-0.80357,0.15245,-0.38487,-0.80357,0.87595
13.697,2.9092,0.60917,-1.6868,2.9092,-3.1271,-0.70026,-2.3828,0.60917,-0.70026,2.3252,0.97916,-1.6868,-2.3828,0.97916,-1.2954
-0.19457,-0.64672,1.0934,-0.73197,-0.64672,-1.2141,0.75637,-1.2862,1.0934,0.75637,2.8973,0.65523,-0.73197,-1.2862,0.65523,-0.97158
1.5477,1.7344,0.2423,-0.20632,1.7344,1.4637,0.43075,-0.19983,0.2423,0.43075,0.064879,-0.48697,-0.20632,-0.19983,-0.48697,0.21454
2.971,1.5384,1.5926,0.89167,1.5384,-0.66617,-0.097974,-1.074,1.5926,-0.097974,-0.15093,-2.2048,0.89167,-1.074,-2.2048,-1.326
1.1402,1.0114,0.077492,1.0081,1.0114,0.17247,0.064472,0.52871,0.077492,0.064472,-1.2357,-0.13669,1.0081,0.52871,-0.13669,2.3027
16.809,1.9953,-0.28368,2.2683,1.9953,-2.0427,-2.5108,-1.0477,-0.28368,-2.5108,-2.4779,-0.82478,2.2683,-1.0477,-0.82478,1.1792
1.0994,2.8756,-0.25563,-1.0072,2.8756,4.4816,0.40608,-0.95567,-0.25563,0.40608,1.8862,0.72999,-1.0072,-0.95567,0.72999,-0.23994
12.149,1.7581,-2.9688,0.43168,1.7581,-0.12618,-2.9335,1.679,-2.9688,-2.9335,-2.6461,1.4092,0.43168,1.679,1.4092,4.5526
4.5726,2.1712,-2.028,-0.81035,2.1712,0.64008,-0.85963,0.41856,-2.028,-0.85963,0.46603,1.1252,-0.81035,0.41856,1.1252,2.4167
9.1405,4.4928,-0.049313,-1.6784,4.4928,0.89624,-0.31987,-0.74769,-0.049313,-0.31987,0.14576,-1.0719,-1.6784,-0.74769,-1.0719,-0.55385
8.1547,6.3917,-0.60655,-1.8013,6.3917,4.487,0.72253,-0.75858,-0.60655,0.72253,-0.86862,-1.7011,-1.8013,-0.75858,-1.7011,-2.0718
16.13,-0.93534,0.38189,-3.2708,-0.93534,-0.45415,2.5835,-1.6148,0.38189,2.5835,5.1893,0.99432,-3.2708,-1.6148,0.99432,-3.0952
0.67056,1.0083,0.80263,-1.1605,1.0083,1.7505,1.3845,-0.42105,0.80263,1.3845,1.1037,-0.31981,-1.1605,-0.42105,-0.31981,-0.60628
0.40234,-0.34672,0.20561,-0.58237,-0.34672,0.42428,0.76534,0.32773,0.20561,0.76534,0.29562,0.15242,-0.58237,0.32773,0.15242,0.12025
0.78293,4.1461,-1.5149,-1.8125,4.1461,5.9607,1.241,-0.05755,-1.5149,1.241,-1.0218,-1.3125,-1.8125,-0.05755,-1.3125,-1.2783
15.744,2.4183,-1.3158,-0.45639,2.4183,1.2815,0.30536,-0.095607,-1.3158,0.30536,-0.70855,-0.88725,-0.45639,-0.095607,-0.88725,-1.1966
0.31283,2.0757,-0.57771,-0.00065304,2.0757,3.4254,-0.41977,0.39067,-0.57771,-0.41977,-1.2144,-0.46277,-0.00065304,0.39067,-0.46277,1.2856
1.5837,1.2651,1.302,-1.0193,1.2651,1.7796,1.1068,-0.96563,1.302,1.1068,1.3497,-1.3904,-1.0193,-0.96563,-1.3904,-1.2091
1.5161,6.5225,-3.4738,-1.0053,6.5225,7.524,-0.45461,1.1189,-3.4738,-0.45461,-2.7939,-0.93122,-1.0053,1.1189,-0.93122,1.7133
-0.98506,0.65172,-0.39103,-0.71201,0.65172,1.7228,1.2293,0.3525,-0.39103,1.2293,0.15561,0.050281,-0.71201,0.3525,0.050281,0.31131
4.5694,3.5573,1.7735,-1.7167,3.5573,1.8297,1.0621,-2.2045,1.7735,1.0621,1.8943,-0.78887,-1.7167,-2.2045,-0.78887,-1.1263
2.1356,1.0005,0.5619,-0.96868,1.0005,0.94129,0.44996,-0.18152,0.5619,0.44996,0.098678,-0.52688,-0.96868,-0.18152,-0.52688,0.050853
-4.721,-0.4598,-0.34351,-3.2012,-0.4598,3.5267,3.3838,0.66128,-0.34351,3.3838,3.5879,-0.037722,-3.2012,0.66128,-0.037722,-1.4865
-3.7573,-0.16478,-1.9949,-1.0703,-0.16478,4.6169,2.2382,0.50398,-1.9949,2.2382,0.28524,0.59701,-1.0703,0.50398,0.59701,2.7703
2.7628,1.2381,-0.17812,0.062346,1.2381,-0.16535,-0.57672,-0.24035,-0.17812,-0.57672,0.15601,0.52805,0.062346,-0.24035,0.52805,1.225
